1.0,0.419574315,0.804113985,0.41613929299999997,0.525864758,0.14913805300000002,0.404584799,0.7194044279999999,0.9567481179999999,0.763349773,0.048844155599999994,0.97153836,0.5687131129999999,0.749568177,-0.29311671899999997,0.197093961,0.0594753617,0.923022973,0.397419846,0.462748072,-0.06553701070000001,0.331444922,0.843988064,-0.17395831,-0.367325826,0.7351364290000001,0.817576353,0.40452746,0.8227899890000001,0.9113995840000001,0.6731396620000001,0.008107781679999999,0.7766573170000001,0.477520922,0.167801769,0.591777166,0.7187824909999999,0.61025782,0.7341770679999999,0.52281634,0.530503273,0.46074238,0.75050276,0.7126792740000001,-0.16830404,-0.625003938,-0.139542345,-0.790864715,0.469630292,-0.757238217,-0.274434285,-0.05870800599999999,0.391819002,0.6794187009999999,0.79899927,0.4625183,0.35249244,0.193706353,0.605334654,0.672677489,0.581233475,0.482349414,0.358142261,0.78273786,-0.913402843,0.9968827809999999,-0.0768392036,0.464042644,0.764666055,0.779658803,0.482625959,-0.25657812399999996,0.574069185,0.521736173,0.8548742659999999,0.665576515,0.203153408,0.49317084899999997,-0.8222605540000001,-0.026676149700000002,0.9585833909999999,0.228810868,0.525346157,0.913196762,0.7943820970000001,0.705303958,0.725277222,0.767215303,0.7379111209999999,0.838496743,0.265972916,0.46337049799999996,0.35260856700000004,0.306075175,0.518429743,0.419572612,0.517549654,0.794181635,0.6753491429999999,0.7075524740000001,-0.36958543,0.555659265,0.46119124799999994,0.552972135,-0.10932832,-0.41584839700000004,0.727735729,0.66215568,-0.32512009399999997,-0.415154399,-0.7918071790000001,0.889375925,0.86815318,0.474634581,0.822799628,-0.983577595,0.7126591590000001,-0.6307670479999999,0.0136528347,0.388351467,-0.8454674000000001,0.7410956190000001,-0.21243002800000002
0.419574315,1.0,0.828029633,0.892761125,-0.527480073,-0.389131994,0.053257684900000005,0.577943067,0.428632866,-0.245873512,0.634590118,0.48829426299999995,0.549132756,-0.269198719,0.492931474,-0.41098785,0.475727543,0.6621521570000001,-0.15789503300000002,-0.276648882,0.865770112,-0.37989420100000004,-0.0410346422,0.303906203,-0.7446815529999999,0.0980375748,0.151812115,-0.658416865,-0.162987271,0.04639344769999999,-0.321935419,0.843092422,0.0788719544,-0.5708818370000001,0.283408059,0.015840362099999998,0.0638257208,-0.010360063000000001,0.19514206899999997,0.031326092400000005,-0.0264920458,-0.00626065774,0.757426849,-0.32153027,-0.025384725,0.15508272,-0.588965721,-0.806099186,-0.591179758,0.155124374,0.600184487,0.835824819,0.912664493,0.0418014587,-0.13542708,0.473224359,0.9479256290000001,0.145659546,-0.37954914700000003,-0.07904472480000001,-0.307133422,-0.367911625,-0.546633416,-0.0410531958,-0.493959275,0.43485958399999997,0.00795080561,-0.5195939470000001,-0.24579269399999998,-0.24125229899999998,0.989677195,0.5953808110000001,0.0179905402,-0.256438617,-0.1040248,0.221531645,-0.736096777,-0.26394830199999997,-0.684812717,-0.502718923,0.165529512,-0.599264489,-0.5351119870000001,0.48155874600000004,-0.212875797,-0.154151109,-0.0325007971,-0.0544858249,-0.10417763699999999,0.14152387800000002,-0.596324621,-0.60978954,-0.346241171,-0.290982287,-0.363049109,0.196772497,0.369649044,0.056127929900000005,-0.157586541,0.38081354100000003,0.0374224718,-0.501464982,-0.535415694,-0.50468566,-0.872675463,-0.21540871600000003,-0.0879694702,0.701099257,-0.9942046520000001,-0.161940022,-0.110000269,0.19008501600000002,0.0976505433,-0.425483677,-0.126784876,-0.269625122,0.483981393,0.42187004200000006,-0.901898942,0.221579919,-0.081561021,-0.0110052424,0.08944245210000001
0.804113985,0.828029633,1.0,0.651357615,0.029398416400000002,0.0623917301,0.48002348100000003,0.897418431,0.85714182,0.235074582,0.223122075,0.883597117,0.827319134,0.21630952399999998,-0.0356157357,0.06636148730000001,0.101964019,0.9646275879999999,0.335375474,0.269653029,0.520101429,0.143215945,0.520898978,-0.136416927,-0.48255512799999994,0.30819637699999997,0.41094385200000005,-0.18350524699999998,0.334799195,0.488293032,0.261039545,0.6005046070000001,0.618029815,-0.019890078999999998,0.49870681299999997,0.5265791989999999,0.595770318,0.514165445,0.357962689,0.513056229,0.47673818100000004,0.464429009,0.977415502,0.242466622,-0.352018076,-0.410188658,-0.230233412,-0.8395083109999999,-0.0522868247,-0.229840965,0.0689197827,0.38771216299999994,0.8617493629999999,0.57050076,0.437577557,0.33237499800000003,0.8376821529999999,-0.048034269500000004,0.204207661,0.480132989,0.27337685899999997,0.199324397,-0.258476834,0.52590335,-0.896511046,0.7924957429999999,0.208628175,0.0484517647,0.237857227,0.286599725,0.826494135,0.355398874,0.522197869,0.303135708,0.435811812,0.316810711,-0.418316986,0.28898777600000003,-0.757467078,-0.522075528,0.601516014,-0.0813483141,0.0162618682,0.890121915,0.292967821,0.17376031100000003,0.526148939,0.5138874139999999,0.470121594,0.671074748,-0.0674648575,-0.11095011,-0.199076767,0.20235240300000001,0.211617985,0.574280879,0.299360561,0.603638563,0.417804513,0.44557315799999997,-0.406435063,-0.0377710621,0.0301985367,0.0526205649,-0.481768624,-0.13399167,0.48254065799999996,0.929658682,-0.781077837,-0.551638699,-0.36590838600000003,0.7076721990000001,0.63833617,-0.126098389,0.43731234,-0.683954885,0.849312107,-0.141348787,-0.5283829000000001,0.119721317,-0.62635071,0.263144443,-0.301342206
0.41613929299999997,0.892761125,0.651357615,1.0,-0.527459647,-0.7146176259999999,-0.338994741,0.26014253600000004,0.292158304,-0.10042587900000001,0.8849059859999999,0.37618315399999996,0.172044162,-0.12645589699999998,0.716740759,-0.713867694,0.8057556640000001,0.517312902,-0.496335168,-0.540004954,0.677248374,-0.6507797160000001,-0.133632262,0.656322985,-0.9654971609999999,0.408057658,0.413746964,-0.525120038,-0.0567395694,0.16699350300000002,-0.390895354,0.565043646,-0.146712867,-0.57379732,-0.173661342,-0.298921731,-0.196757735,-0.308047096,0.506274711,-0.316937552,-0.35580589799999995,-0.367609088,0.49805462100000003,-0.314777908,0.41062517200000004,0.386403182,-0.878678979,-0.8853048990000001,-0.563022924,-0.0795815146,0.75625937,0.8658356759999999,0.632109515,-0.235441946,-0.214229983,0.808494426,0.703000347,0.575285029,-0.471804035,-0.314539562,-0.481274916,-0.56993241,-0.220245245,-0.20731058100000002,-0.302546565,0.463703862,-0.443377735,-0.611771452,-0.103920413,-0.167541421,0.9418890120000001,0.24684537899999998,-0.305463262,-0.499043325,-0.0908826668,0.559944384,-0.46362848799999995,-0.518180709,-0.830476799,-0.06290238969999999,0.244000699,-0.780056965,-0.519096595,0.28971878,-0.10821445,0.128297039,-0.251659896,-0.228108473,-0.276641047,-0.0554098584,-0.760288443,-0.499662891,0.0571238991,-0.611247158,-0.544675403,-0.21404078399999998,0.724327347,-0.146524472,-0.35199914,0.681604854,0.419449339,-0.323655935,-0.612571755,-0.496487623,-0.944509761,-0.615829925,-0.27825489600000003,0.38155904,-0.866912535,0.24561697300000002,-0.38660795299999995,0.0266484148,-0.050404098499999994,-0.10093128,-0.171802738,-0.324038283,0.156924529,0.413670325,-0.7874078040000001,0.624720111,0.0839908833,0.283292205,0.496244161
0.525864758,-0.527480073,0.029398416400000002,-0.527459647,1.0,0.668209498,0.5089001329999999,0.258912665,0.539257882,0.880106629,-0.686379208,0.483827393,0.174402974,0.891135204,-0.854980648,0.7233879259999999,-0.560070485,0.28570961300000003,0.6814263770000001,0.821967815,-0.81077741,0.8032859509999999,0.868482394,-0.621422731,0.482788905,0.443682011,0.490883494,0.9513500490000001,0.8735535059999999,0.746549736,0.9703885240000001,-0.6782989209999999,0.752123833,0.9984154059999999,0.0961536159,0.682955798,0.7292578009999999,0.7175088690000001,0.34825165399999997,0.619511364,0.673753655,0.60428191,0.08666572460000001,0.971270638,-0.336558105,-0.840216725,0.576294264,0.08172873480000001,0.996149627,-0.744686449,-0.9096643879999999,-0.877943639,-0.38744605200000004,0.721769377,0.911540056,-0.185081765,-0.474892086,-0.162322765,0.9740059659999999,0.8129149179999999,0.9198808070000001,0.899794078,0.709382792,0.846061829,-0.46144878200000006,0.493023001,0.132522093,0.978090259,0.88293035,0.92445926,-0.486705427,-0.651686795,0.668474324,0.8475533270000001,0.889996025,0.246072858,0.773899103,0.833699162,-0.033737594100000004,0.255589519,0.694869418,0.877916873,0.9994033959999999,0.473463546,0.896166302,0.67302444,0.8091314909999999,0.8480787670000001,0.868379173,0.735565032,0.901754834,0.9698909370000001,0.47410589299999994,0.716759838,0.9190912990000001,0.39260300299999995,-0.0426996745,0.7796929140000001,0.8721727859999999,0.148563428,-0.55933286,0.919135294,0.98370904,0.9993174509999999,0.776886689,0.009454529140000001,0.851578817,0.0872209958,0.600350061,-0.420688939,-0.500504634,0.7201772340000001,0.782708515,0.70134174,0.9094700370000001,-0.6286271210000001,0.347951381,-0.991522005,0.8322074009999999,-0.042290303200000004,-0.785385491,0.562176769,-0.475089772
0.14913805300000002,-0.389131994,0.0623917301,-0.7146176259999999,0.668209498,1.0,0.897887225,0.489505539,0.37503148,0.280521295,-0.957238021,0.28830139,0.553757065,0.297624423,-0.9569068740000001,0.997028948,-0.978173953,0.18976538699999998,0.95933645,0.941415755,-0.35830451,0.975234438,0.610235758,-0.9955559009999999,0.836921015,-0.319365318,-0.231151225,0.46028327399999996,0.317777894,0.166492281,0.7067213729999999,-0.134636186,0.736680798,0.68524613,0.726400422,0.8688023659999999,0.787827465,0.8658106879999999,-0.398947151,0.887613414,0.9009903440000001,0.912861021,0.250563212,0.580851032,-0.891104885,-0.8610606270000001,0.953056922,0.414336773,0.6383537420000001,-0.0354837049,-0.903946197,-0.747936445,-0.00264554436,0.818344298,0.637406825,-0.7946098620000001,-0.117227264,-0.842503723,0.764591835,0.831380068,0.851823772,0.906171209,-0.0185315792,0.721567062,-0.407361995,0.0739956672,0.817614178,0.808342844,0.28789913899999997,0.421372189,-0.46431714799999996,0.0703724419,0.875250813,0.9138650429999999,0.463772778,-0.504489806,0.160842394,0.928410548,0.429933089,-0.452513629,0.17476068,0.928654332,0.6435213320000001,0.41791232799999994,0.346861579,-0.0809922233,0.788328259,0.7388827640000001,0.762150056,0.6617681879999999,0.9119034509999999,0.493863505,-0.326828542,0.986807834,0.880583349,0.8265881909999999,-0.7233175190000001,0.719326749,0.816612495,-0.539126082,-0.933667024,0.322793276,0.790896466,0.647427545,0.7770239840000001,0.736550943,0.778437354,0.36794694299999997,0.391200996,-0.84590263,0.23821577800000002,0.5835813,0.617470036,-0.055733996200000004,0.577456156,-0.149957804,0.578458777,-0.6187279179999999,0.503430405,-0.7596981340000001,-0.6528041920000001,-0.200086183,-0.9474533009999999
0.404584799,0.053257684900000005,0.48002348100000003,-0.338994741,0.5089001329999999,0.897887225,1.0,0.81743313,0.6452489770000001,0.236614486,-0.7323855340000001,0.580486961,0.863491989,0.243629425,-0.8155451990000001,0.888112052,-0.82373577,0.549474922,0.971860803,0.9047333190000001,-0.0032151982799999996,0.8870314979999999,0.6810434870000001,-0.93217992,0.536713734,-0.249652147,-0.127417372,0.22347903100000002,0.316218352,0.253443054,0.649204243,0.228404855,0.863551982,0.50487284,0.904730267,0.96436423,0.907540785,0.950826271,-0.291360403,0.986819427,0.97605885,0.9931958009999999,0.645057608,0.51845938,-0.965881423,-0.8830981999999999,0.742373362,0.0356083993,0.445770994,-0.0164660908,-0.711122632,-0.428829774,0.422689802,0.927752028,0.665551449,-0.605279139,0.31432742399999997,-0.816708469,0.6809910509999999,0.888030401,0.8037590059999999,0.828490727,-0.237650372,0.7952029490000001,-0.7055284959999999,0.331484273,0.865112447,0.657018786,0.244549787,0.388912841,-0.0270326727,0.320320542,0.971042244,0.88808712,0.498832658,-0.395862661,-0.140480837,0.8984248109999999,0.10349427800000001,-0.7021304709999999,0.317500922,0.73487455,0.479352383,0.711244964,0.32334430399999997,-0.10975759,0.866136006,0.80668312,0.807676455,0.815550135,0.7207254390000001,0.284092071,-0.476604106,0.93679908,0.8057553000000001,0.9884585090000001,-0.571839506,0.8362546059999999,0.83802585,-0.359947133,-0.995882618,0.15616260199999998,0.6314001920000001,0.49858154200000004,0.43301512600000003,0.659975435,0.831427294,0.739197159,-0.042649417599999996,-0.9933405829999999,0.15488227300000001,0.757204288,0.751167899,-0.216584733,0.607301515,-0.338525036,0.8699745609999999,-0.509403686,0.13789554699999998,-0.683499511,-0.7801286190000001,-0.17081497899999998,-0.977862432
0.7194044279999999,0.577943067,0.897418431,0.26014253600000004,0.258912665,0.489505539,0.81743313,1.0,0.878102405,0.254429228,-0.217929299,0.8630768959999999,0.980291756,0.24560904100000003,-0.42508645899999997,0.4857237,-0.34690110399999996,0.9043403259999999,0.704827823,0.624071915,0.35534659399999996,0.533209291,0.670421048,-0.556449495,-0.047088758,0.060542817,0.189447169,-0.025984096,0.36057247600000003,0.430795088,0.482718004,0.524339552,0.830730682,0.224844835,0.7899953590000001,0.8251289740000001,0.839576753,0.809242315,0.0735371591,0.8294623990000001,0.799019253,0.8015307490000001,0.9668145109999999,0.40295973799999996,-0.7206786040000001,-0.7037438540000001,0.221075197,-0.528891808,0.173261277,-0.140277813,-0.301836869,0.050631649199999997,0.787758733,0.83379776,0.607256571,-0.09298682679999999,0.7180990420000001,-0.450092435,0.46216363899999996,0.752380585,0.571919258,0.537084838,-0.307656372,0.7332880209999999,-0.93671378,0.67479546,0.5801797360000001,0.348471359,0.260277584,0.365684106,0.534426897,0.41205068,0.826080571,0.636605035,0.520326649,-0.00487641435,-0.36272629700000003,0.633091059,-0.437733098,-0.70861048,0.538725635,0.306804908,0.235099024,0.935238407,0.336551286,0.040203306200000004,0.771032339,0.7313761320000001,0.702978606,0.840737397,0.307938873,0.05208707059999999,-0.387196149,0.599427419,0.532848885,0.875437485,-0.100485194,0.80660239,0.684609191,0.0996643453,-0.766305186,0.0346114071,0.323220697,0.26867452,-0.107186669,0.25432045,0.7237360420000001,0.98450082,-0.54366833,-0.862592262,-0.14574715900000002,0.834677349,0.7850334240000001,-0.21056258,0.576983885,-0.604726868,0.993841902,-0.332102872,-0.291523822,-0.274992576,-0.7921734109999999,0.0692845627,-0.6906904979999999
0.9567481179999999,0.428632866,0.85714182,0.292158304,0.539257882,0.37503148,0.6452489770000001,0.878102405,1.0,0.662975915,-0.145619893,0.995721537,0.77082435,0.652442326,-0.455009266,0.408305763,-0.17878985,0.960854731,0.614049659,0.635221836,0.0146006539,0.517152197,0.8851065690000001,-0.41237898700000003,-0.17860072899999999,0.512047461,0.620827126,0.341382478,0.742131564,0.8088561329999999,0.717201436,0.145370596,0.89930746,0.496160883,0.444644283,0.77968393,0.866199582,0.787993814,0.5055496420000001,0.733272577,0.7314203770000001,0.683044749,0.8617616659999999,0.7068684540000001,-0.44440814700000003,-0.766748827,0.0803077926,-0.6801095340000001,0.46941519200000004,-0.594859936,-0.39840394100000004,-0.118335198,0.517813001,0.839656553,0.8370239829999999,0.211102638,0.454689103,-0.0956916983,0.6689741570000001,0.812154657,0.694720613,0.619294613,0.165894328,0.872917295,-0.989929542,0.9321044959999999,0.216040681,0.538085213,0.666564215,0.7249695270000001,0.45226900299999995,-0.054955317999999996,0.767914882,0.67835653,0.8305989979999999,0.419703427,0.0589719342,0.658373991,-0.673877376,-0.284903519,0.87613897,0.369812659,0.528805883,0.990622923,0.717933523,0.513327847,0.850595056,0.8632009359999999,0.836346155,0.9380061709999999,0.39505101200000003,0.41131521,0.100802086,0.519850742,0.641079682,0.6646936960000001,0.257419438,0.902730385,0.792154633,0.476993557,-0.6090298470000001,0.452238054,0.526394722,0.559283306,-0.0167368118,-0.13637476699999998,0.8371184000000002,0.81723858,-0.34973265299999995,-0.660019046,-0.588302769,0.963587725,0.9375655159999999,0.274669964,0.837996576,-0.91085993,0.8821857590000001,-0.631037038,-0.0156131,0.107489349,-0.9275357679999999,0.5334505979999999,-0.474321331
0.763349773,-0.245873512,0.235074582,-0.10042587900000001,0.880106629,0.280521295,0.236614486,0.254429228,0.662975915,1.0,-0.26109869399999996,0.649271747,0.09496920800000001,0.99965594,-0.533683411,0.35249302299999996,-0.11870668,0.475804155,0.38432008799999995,0.555835261,-0.6915922790000001,0.483377995,0.863078426,-0.241594577,0.013606726100000001,0.812875992,0.84561233,0.8884673959999999,0.993717396,0.9568302009999999,0.874987374,-0.634640295,0.667032353,0.8568103979999999,-0.1792888,0.48291512799999997,0.6037453,0.5251478270000001,0.750258874,0.38923301200000004,0.441224024,0.34423391200000003,0.193789364,0.943970535,0.006007090420000001,-0.657747313,0.12349896,-0.331414012,0.87328961,-0.9691966670000001,-0.60833296,-0.583409179,-0.28376635100000003,0.570914526,0.882104569,0.30109045100000004,-0.333540503,0.268180446,0.833034671,0.6568308660000001,0.731150313,0.6574034000000001,0.841593075,0.772197418,-0.555858973,0.762475991,-0.253780277,0.776628532,0.9999661759999999,0.986973058,-0.15185613,-0.77616232,0.459992606,0.611626679,0.954243178,0.6727883179999999,0.7823565859999999,0.582561973,-0.46626817,0.458684784,0.9136297409999999,0.551354386,0.890448989,0.563409011,0.99566045,0.9328549859999999,0.687542463,0.7619859929999999,0.76390794,0.7016148959999999,0.594168435,0.909472077,0.736723098,0.381840825,0.699209848,0.153431174,0.43138308299999994,0.7082667840000001,0.725188153,0.600250154,-0.262245783,0.960963543,0.7894292829999999,0.896605141,0.41772692899999997,-0.442067758,0.736356428,0.115965231,0.347239835,-0.172346028,-0.851220688,0.735700041,0.7786144229999999,0.883801058,0.913838624,-0.863904053,0.30402584899999996,-0.9240321029999999,0.633316873,0.410748296,-0.758901268,0.882802425,-0.123889715
0.048844155599999994,0.634590118,0.223122075,0.8849059859999999,-0.686379208,-0.957238021,-0.7323855340000001,-0.217929299,-0.145619893,-0.26109869399999996,1.0,-0.0537779961,-0.290443042,-0.283051432,0.939654205,-0.957686486,0.975157522,0.0755542403,-0.8435017,-0.856551218,0.541151718,-0.922074125,-0.483520655,0.928532305,-0.9464900829999999,0.34720044,0.291195193,-0.550979608,-0.266740986,-0.0737912889,-0.654046694,0.347179002,-0.56360459,-0.7159223809999999,-0.536610881,-0.705980796,-0.615307453,-0.709434323,0.442170282,-0.7222045979999999,-0.7490644590000001,-0.758070018,0.038635853,-0.543235736,0.74888008,0.744067354,-0.989549665,-0.626250897,-0.6816472840000001,0.0259074469,0.9246460009999999,0.8684361509999999,0.276589901,-0.650029777,-0.535534897,0.841681364,0.382334809,0.7764415090000001,-0.723807001,-0.694754821,-0.780487855,-0.8500179090000001,-0.11149737800000001,-0.583073116,0.158226972,0.117454524,-0.7057015259999999,-0.808570481,-0.267339222,-0.379942469,0.700338858,0.0865834895,-0.71203842,-0.823656013,-0.37414498700000004,0.5358920429999999,-0.327274608,-0.839997337,-0.60839881,0.24979818399999998,-0.0453399537,-0.948478763,-0.667271203,-0.170708561,-0.30718069,0.0712920125,-0.6417149129999999,-0.602607665,-0.638047473,-0.478180207,-0.930957868,-0.5628799720000001,0.208156856,-0.9092541540000001,-0.824438445,-0.630836446,0.755430402,-0.553820188,-0.703399469,0.61190968,0.790164905,-0.380363849,-0.79807799,-0.660579578,-0.91399152,-0.718244537,-0.648247486,-0.083227612,-0.628908406,0.6572599729999999,-0.284216903,-0.394480723,-0.450257619,-0.0390822527,-0.480133931,-0.00605177149,-0.320576412,0.60838128,-0.679072549,0.7381299290000001,0.486460083,0.215134632,0.82603982
0.97153836,0.48829426299999995,0.883597117,0.37618315399999996,0.483827393,0.28830139,0.580486961,0.8630768959999999,0.995721537,0.649271747,-0.0537779961,1.0,0.747178943,0.636616953,-0.37238073,0.32226785399999996,-0.08823466279999999,0.975776619,0.5398913329999999,0.561350708,0.060053931,0.43600967,0.850086667,-0.328185226,-0.268732639,0.5537277979999999,0.657911999,0.298052347,0.728152635,0.813084626,0.665487577,0.173465674,0.8551230470000001,0.437570378,0.394125668,0.7200148829999999,0.816462699,0.7283849440000001,0.555663889,0.671100265,0.667135705,0.616904217,0.87043561,0.666175686,-0.375260062,-0.704891851,-0.0119565976,-0.744813602,0.414100156,-0.6028794679999999,-0.31759837399999996,-0.0415354314,0.543639203,0.7862549109999999,0.797053482,0.294086246,0.48985329899999996,-0.0203642591,0.61011888,0.755134016,0.629750005,0.546830625,0.163057234,0.8276690790000001,-0.983520417,0.953281246,0.148000297,0.470222408,0.652283509,0.7001570290000001,0.519032092,-0.053489603600000005,0.707434172,0.608235199,0.80647646,0.477696467,0.0348034027,0.5863842539999999,-0.737998927,-0.258546667,0.882961772,0.286161964,0.47522868100000004,0.983099025,0.7000498,0.5299170870000001,0.79900119,0.815980756,0.785683556,0.902345745,0.313516319,0.36731079200000005,0.127070077,0.43908015799999994,0.571472028,0.608917707,0.333518339,0.859830908,0.7348106670000001,0.541795531,-0.538873933,0.426093548,0.459585872,0.506510812,-0.0997677145,-0.20856862899999998,0.785262815,0.813555645,-0.40769573600000003,-0.601883475,-0.624646412,0.9362322759999999,0.90519071,0.27946603,0.803537243,-0.922264365,0.857881332,-0.5837153420000001,-0.0746070761,0.181188063,-0.891531211,0.563307558,-0.39908069700000004
0.5687131129999999,0.549132756,0.827319134,0.172044162,0.174402974,0.553757065,0.863491989,0.980291756,0.77082435,0.09496920800000001,-0.290443042,0.747178943,1.0,0.088872923,-0.43842586899999997,0.536203204,-0.444044825,0.806059338,0.735811014,0.623516276,0.422950205,0.554333694,0.565455229,-0.624838999,0.0657351163,-0.137749776,-0.00796637584,-0.12935058800000002,0.20327607399999997,0.257201158,0.395810084,0.6051189220000001,0.773584985,0.148328234,0.891928525,0.820698563,0.8009156629999999,0.797085458,-0.124295951,0.845008874,0.80778667,0.8300242520000001,0.927340405,0.289077806,-0.815085121,-0.670091714,0.31873757,-0.390147255,0.0892658506,0.0422715165,-0.298700748,0.056737440800000004,0.810461718,0.805664116,0.504828566,-0.25378516,0.737271221,-0.597511395,0.39177473399999996,0.7130069920000001,0.528288038,0.516012266,-0.45639232,0.658082908,-0.851687647,0.5157824839999999,0.7165268359999999,0.298972256,0.101600753,0.22351599,0.47942976299999995,0.5515310520000001,0.82679282,0.621354105,0.384125603,-0.19947741600000002,-0.47388547700000005,0.62540619,-0.275047943,-0.828959952,0.370224943,0.317529862,0.14621066800000002,0.850282931,0.18375827399999997,-0.147489282,0.7193343590000001,0.660511517,0.635999931,0.7665485240000001,0.308308119,-0.0536614488,-0.555026361,0.638647441,0.500616599,0.925214806,-0.27578598600000004,0.740284844,0.632996197,-0.0900270006,-0.814368112,-0.103349787,0.269919182,0.177872303,-0.0760659716,0.427521857,0.663344565,0.9748903179999999,-0.534925356,-0.911931783,0.052001710599999994,0.74371072,0.692512116,-0.37599697200000004,0.46162313,-0.43966527,0.977128467,-0.229822923,-0.330939638,-0.444661329,-0.7078746159999999,-0.126286776,-0.769503701
0.749568177,-0.269198719,0.21630952399999998,-0.12645589699999998,0.891135204,0.297624423,0.243629425,0.24560904100000003,0.652442326,0.99965594,-0.283051432,0.636616953,0.088872923,1.0,-0.550278299,0.369395956,-0.138793,0.459881241,0.395191206,0.567509379,-0.707862715,0.498239785,0.863358815,-0.257192338,0.038664571099999996,0.800110842,0.832432113,0.8998180259999999,0.992106574,0.949415833,0.8821717490000001,-0.6483894370000001,0.66793128,0.869148664,-0.17544489600000002,0.48824348100000003,0.606092527,0.5306260429999999,0.735091375,0.39526446299999995,0.448171715,0.35173480700000004,0.17900628300000002,0.9491166999999999,-0.0036292968299999995,-0.66506337,0.145641669,-0.30685878,0.8853791879999999,-0.96442838,-0.625934057,-0.604415223,-0.300535101,0.574357573,0.8845145329999999,0.279487164,-0.35191920299999996,0.253213977,0.8424539040000001,0.6622175260000001,0.7409227540000001,0.6697140420000001,0.84556215,0.7745333940000001,-0.545249946,0.747527064,-0.24245477399999998,0.789983016,0.999704485,0.988244467,-0.176636137,-0.781138247,0.46554844700000003,0.6220769829999999,0.953392728,0.6565413,0.79286563,0.593588479,-0.442914739,0.460134702,0.9041778509999999,0.569712629,0.9012678390000001,0.5531150570000001,0.9954129509999999,0.927059973,0.691193355,0.764890183,0.7681054509999999,0.700043566,0.6119019379999999,0.919997727,0.733886698,0.395846517,0.710763712,0.15734003900000001,0.41163514700000003,0.709088435,0.7314651879999999,0.580888858,-0.271352424,0.9668186390000001,0.802807244,0.9067743840000001,0.441280976,-0.42532282299999996,0.7406375620000001,0.10437793699999999,0.36958425,-0.17704267899999998,-0.838791443,0.7319221690000001,0.7767932679999999,0.884430505,0.915109747,-0.852412472,0.297761608,-0.9318937340000001,0.652502829,0.39388325399999996,-0.757991547,0.8730780220000001,-0.135452028
-0.29311671899999997,0.492931474,-0.0356157357,0.716740759,-0.854980648,-0.9569068740000001,-0.8155451990000001,-0.42508645899999997,-0.455009266,-0.533683411,0.939654205,-0.37238073,-0.43842586899999997,-0.550278299,1.0,-0.976221887,0.9027844829999999,-0.224942024,-0.928368379,-0.9718058359999999,0.575653057,-0.990599285,-0.75381539,0.934167932,-0.7814782779999999,0.0563344617,-0.0216247577,-0.695014531,-0.555212392,-0.39720728299999997,-0.865858927,0.369516424,-0.794944575,-0.867213738,-0.5348858160000001,-0.862050386,-0.82218893,-0.8736445820000001,0.14998541199999998,-0.8507636340000001,-0.8819087809999999,-0.863408189,-0.189706221,-0.7786843390000001,0.746244155,0.920080802,-0.894046289,-0.33733901,-0.8342217279999999,0.310026347,0.9863246790000001,0.8712428090000001,0.169277531,-0.8410710790000001,-0.7911508279999999,0.633209849,0.282826917,0.650420875,-0.908770548,-0.887382137,-0.947275442,-0.9788394709999999,-0.268044643,-0.8227231979999999,0.44654786,-0.228103912,-0.6183381179999999,-0.943923356,-0.539878922,-0.648275998,0.529530353,0.21128417,-0.861003583,-0.961875702,-0.66157926,0.262624492,-0.421473261,-0.966915272,-0.301717534,0.20637630699999998,-0.380680277,-0.9914649740000001,-0.837766839,-0.458711651,-0.5851253160000001,-0.20191544600000003,-0.8549613620000001,-0.835829871,-0.860819914,-0.7351735770000001,-0.9887748470000001,-0.724265774,0.0398778111,-0.96387177,-0.9682440290000001,-0.718696846,0.527405191,-0.7938328509999999,-0.901333224,0.32723605,0.8615714259999999,-0.583667406,-0.9342826329999999,-0.839755912,-0.854058986,-0.520505834,-0.8654144840000001,-0.272800497,-0.521814832,0.7435465990000001,0.0213083219,-0.673890929,-0.72322121,-0.236377565,-0.748495467,0.335995735,-0.522761425,0.8149666659999999,-0.685471713,0.549163917,0.749163845,-0.0739130237,0.840459902
0.197093961,-0.41098785,0.06636148730000001,-0.713867694,0.7233879259999999,0.997028948,0.888112052,0.4857237,0.408305763,0.35249302299999996,-0.957686486,0.32226785399999996,0.536203204,0.369395956,-0.976221887,1.0,-0.964706452,0.210822449,0.962163193,0.959713771,-0.41336227700000006,0.9884634640000001,0.6586902920000001,-0.988472172,0.8236166109999999,-0.248687463,-0.16142005199999998,0.524326051,0.38691779200000004,0.23428981100000001,0.7573114790000001,-0.19175210199999998,0.764478159,0.738758723,0.6864657679999999,0.879383721,0.809436096,0.8801137640000001,-0.332103612,0.890199072,0.9080182109999999,0.911779089,0.246707158,0.640544539,-0.8633035729999999,-0.887829035,0.942386752,0.388215176,0.69485072,-0.111166084,-0.932180488,-0.782449829,-0.0378211061,0.8368314809999999,0.6878923159999999,-0.7544045079999999,-0.153279681,-0.798549691,0.811056413,0.857855475,0.886752841,0.934685045,0.0547512787,0.759669906,-0.43046457,0.12393301699999999,0.7732556840000001,0.8512135809999999,0.35964381799999995,0.488012591,-0.47652171600000004,-0.000170191308,0.8838440540000001,0.936985703,0.52459262,-0.440793989,0.226938262,0.9489685040000001,0.39119013399999997,-0.396166722,0.23723265100000002,0.9517493370000001,0.700354005,0.441458535,0.416005996,-0.00459189726,0.8177802009999999,0.775874996,0.7993182959999999,0.69356623,0.9387517040000001,0.557787311,-0.255227833,0.9905743779999999,0.9130120890000001,0.8104637690000001,-0.6737316740000001,0.7511528000000001,0.849944767,-0.48230342,-0.926115102,0.394253618,0.8355119129999999,0.7041665690000001,0.798469853,0.683470282,0.812756867,0.355389245,0.420697461,-0.831160493,0.16722362400000002,0.619648575,0.6571716160000001,0.0201320982,0.632066762,-0.207825289,0.577180895,-0.67722217,0.550151369,-0.708414458,-0.690158987,-0.126037701,-0.9296201270000001
0.0594753617,0.475727543,0.101964019,0.8057556640000001,-0.560070485,-0.978173953,-0.82373577,-0.34690110399999996,-0.17878985,-0.11870668,0.975157522,-0.08823466279999999,-0.444044825,-0.138793,0.9027844829999999,-0.964706452,1.0,-0.00024318134900000002,-0.885751614,-0.852590508,0.341726374,-0.9141085990000001,-0.43731380299999995,0.9690778109999999,-0.920502679,0.48026778200000003,0.40807011,-0.37423007799999997,-0.144436182,0.0260801802,-0.56930126,0.131022086,-0.5808942570000001,-0.587321406,-0.702614961,-0.7538507240000001,-0.644994983,-0.746638351,0.5598877210000001,-0.787815468,-0.7992347059999999,-0.8263775870000001,-0.09961549900000001,-0.433276801,0.8672316170000001,0.737437668,-0.9907330740000001,-0.582438391,-0.541317425,-0.127539795,0.852203939,0.738303739,0.078851587,-0.684165164,-0.473683704,0.9003162459999999,0.186248739,0.894060382,-0.641981452,-0.6977937679999999,-0.736160657,-0.8119000909999999,0.100126551,-0.563257305,0.221392345,0.13482871,-0.845110675,-0.71539213,-0.125902299,-0.257993916,0.565513457,-0.13132425,-0.7641965959999999,-0.8122077809999999,-0.28601907,0.651930018,-0.113241072,-0.8330027520000001,-0.6059979,0.457140417,0.0267951048,-0.887022924,-0.535097303,-0.232023122,-0.17957093600000001,0.234447383,-0.643293725,-0.5840159079999999,-0.613449851,-0.49226368299999995,-0.86211297,-0.39607094299999995,0.40967426,-0.932025716,-0.778282574,-0.749488261,0.8407329290000001,-0.559360946,-0.681589047,0.694669158,0.866721941,-0.20385857300000002,-0.698188019,-0.533397395,-0.803458236,-0.8336713029999999,-0.632272642,-0.23701813800000002,-0.457643618,0.76971246,-0.410065265,-0.40254270000000003,-0.440646905,0.161749652,-0.407904424,-0.056400288,-0.437695039,0.48835383600000004,-0.499605431,0.8511875240000001,0.481177397,0.361590024,0.913910624
0.923022973,0.6621521570000001,0.9646275879999999,0.517312902,0.28570961300000003,0.18976538699999998,0.549474922,0.9043403259999999,0.960854731,0.475804155,0.0755542403,0.975776619,0.806059338,0.459881241,-0.224942024,0.210822449,-0.00024318134900000002,1.0,0.459093057,0.440691227,0.276717516,0.310931186,0.7215630270000001,-0.246761759,-0.37831109700000004,0.457157221,0.5636598279999999,0.0821024498,0.566709776,0.686475933,0.496089505,0.377736644,0.7693113429999999,0.23658938699999998,0.453190659,0.650083499,0.736983226,0.649047422,0.48158318899999997,0.616095222,0.59692808,0.562775617,0.94625533,0.48812226299999995,-0.373911909,-0.587404839,-0.116017372,-0.812577115,0.208354578,-0.44769360399999997,-0.145458322,0.158572455,0.7082571040000001,0.7080801659999999,0.652756441,0.322684474,0.666910473,-0.031958198300000004,0.438216414,0.648415975,0.48129659999999996,0.399843974,-0.028016667599999996,0.710965677,-0.9721985959999999,0.907465607,0.178885705,0.286565366,0.47878477799999997,0.52822529,0.6789857029999999,0.13493492699999998,0.6409179660000001,0.48283691,0.6576542710000001,0.418596676,-0.175291403,0.463868482,-0.770593105,-0.388027887,0.778636106,0.121847519,0.274792624,0.96896426,0.531295304,0.380616489,0.694721342,0.698728455,0.6611865579999999,0.820855667,0.143809345,0.154936625,-0.0200335055,0.340151896,0.41955229899999996,0.609559152,0.32945864,0.765317228,0.60796328,0.51481603,-0.49163340200000005,0.22260022100000001,0.27209958300000003,0.309384185,-0.282282514,-0.18191455399999998,0.666689404,0.8916153309999999,-0.594746474,-0.595005264,-0.5239174910000001,0.8572159909999999,0.80733377,0.09946497619999999,0.656434058,-0.839263925,0.878822648,-0.394375246,-0.289125519,0.15984795300000001,-0.793955625,0.441345554,-0.363677287
0.397419846,-0.15789503300000002,0.335375474,-0.496335168,0.6814263770000001,0.95933645,0.971860803,0.704827823,0.614049659,0.38432008799999995,-0.8435017,0.5398913329999999,0.735811014,0.395191206,-0.928368379,0.962163193,-0.885751614,0.459093057,1.0,0.9769448409999999,-0.23837660100000002,0.970440333,0.755899853,-0.97223005,0.648400154,-0.163302446,-0.052612492999999996,0.43360449700000003,0.44460879700000006,0.342650281,0.777623093,-0.0067027589,0.886080167,0.682767717,0.791908573,0.972696785,0.923568542,0.969325373,-0.227799812,0.980648159,0.98675361,0.9883939740000001,0.500949152,0.660621228,-0.9166611579999999,-0.94595108,0.8290986690000001,0.141845071,0.631902037,-0.154278317,-0.8565899659999999,-0.626876801,0.206186647,0.9430955,0.760338208,-0.628906811,0.0907070592,-0.7752818709999999,0.8135892220000001,0.936815134,0.906067,0.932244862,-0.0320869184,0.85450377,-0.6475664870000001,0.32478393,0.795370032,0.809579387,0.391875866,0.527368073,-0.22194466399999999,0.10964948,0.9760682270000001,0.963767033,0.6037582920000001,-0.34115056899999996,0.08813957970000001,0.9716765759999999,0.169347513,-0.52703647,0.37734010799999995,0.8725967840000001,0.655781573,0.656124533,0.460646403,0.029477472400000003,0.9110094990000001,0.866724145,0.876870223,0.83288592,0.8634430059999999,0.485068661,-0.30833659,0.9902982379999999,0.91443314,0.925426291,-0.563414567,0.868837023,0.9110732770000001,-0.343922306,-0.987238776,0.34925942,0.7894451379999999,0.6693401720000001,0.6186349489999999,0.6184522060000001,0.8934696259999999,0.592107565,0.178533802,-0.938537211,0.07063318019999999,0.772307656,0.7881419759999999,-0.0290565621,0.706796265,-0.37292772399999996,0.7776126459999999,-0.667833961,0.36681091899999996,-0.645592817,-0.816443963,-0.060374854000000006,-0.963659107
0.462748072,-0.276648882,0.269653029,-0.540004954,0.821967815,0.941415755,0.9047333190000001,0.624071915,0.635221836,0.555835261,-0.856551218,0.561350708,0.623516276,0.567509379,-0.9718058359999999,0.959713771,-0.852590508,0.440691227,0.9769448409999999,1.0,-0.421959325,0.989473319,0.841605072,-0.937807348,0.645314746,0.00241319619,0.10232437,0.61491826,0.600846126,0.48447769700000004,0.8882074209999999,-0.2030339,0.9089631840000001,0.8225433040000001,0.644297579,0.956169302,0.931459224,0.9636252059999999,-0.0756076988,0.9438450420000001,0.96441628,0.94542312,0.415190943,0.7974231979999999,-0.8114870540000001,-0.9812245940000001,0.81322658,0.134113153,0.7822997159999999,-0.337330546,-0.931896115,-0.743863295,0.0475019953,0.944465439,0.8576104379999999,-0.543310306,-0.0678677209,-0.650610789,0.91724128,0.966159117,0.973415933,0.98791588,0.181961189,0.911788452,-0.6386056210000001,0.396647123,0.65756648,0.91529411,0.562538565,0.68008699,-0.31459038100000003,-0.10476546800000001,0.9545671990000001,0.997214794,0.72948976,-0.193621231,0.294312784,0.999325639,0.121835935,-0.335583555,0.496406002,0.9350873690000001,0.8018379179999999,0.648769135,0.6199171729999999,0.219309019,0.9449814320000001,0.921884136,0.9356961140000001,0.862748062,0.934921077,0.660380534,-0.101622944,0.979688297,0.979687896,0.8346847159999999,-0.450815339,0.903587687,0.9634100609999999,-0.22421039399999998,-0.931403628,0.539908194,0.90126468,0.812367174,0.707956125,0.48396094100000003,0.9437122029999999,0.48627772700000005,0.31397305,-0.853077568,-0.09110396289999999,0.8111270859999999,0.841682685,0.181989056,0.815345412,-0.473656731,0.7066767629999999,-0.808931548,0.528145389,-0.51466049,-0.864484067,0.11706621,-0.888466117
-0.06553701070000001,0.865770112,0.520101429,0.677248374,-0.81077741,-0.35830451,-0.0032151982799999996,0.35534659399999996,0.0146006539,-0.6915922790000001,0.541151718,0.060053931,0.422950205,-0.707862715,0.575653057,-0.41336227700000006,0.341726374,0.276717516,-0.23837660100000002,-0.421959325,1.0,-0.46033763899999997,-0.431934159,0.272471174,-0.506349526,-0.381537295,-0.349428568,-0.934771261,-0.621034719,-0.453707545,-0.6461479729999999,0.972534001,-0.224806914,-0.8304340090000001,0.378115435,-0.164509223,-0.198463015,-0.207241575,-0.280789324,-0.101498953,-0.172286784,-0.10449555599999999,0.504289434,-0.6934787440000001,-0.102585143,0.389152216,-0.43381264799999997,-0.40969024299999995,-0.8589730090000001,0.627340628,0.702445014,0.884969908,0.8530382120000001,-0.19540299,-0.51230813,0.134946856,0.896197096,-0.104556539,-0.663268663,-0.332701423,-0.545909361,-0.549025187,-0.866777053,-0.37406453799999995,-0.124332925,-0.0600241052,0.21317261899999998,-0.7375917190000001,-0.690851054,-0.66854126,0.801512523,0.874515578,-0.150189891,-0.438255995,-0.541682556,-0.229060443,-0.9655587,-0.42742125700000005,-0.24368906,-0.669952832,-0.338336549,-0.669485281,-0.824325965,0.11173713099999999,-0.657918287,-0.6178692410000001,-0.316862229,-0.377486889,-0.41472883,-0.20144348399999998,-0.691289085,-0.905342173,-0.684611642,-0.33722167,-0.569607247,0.14489998199999998,-0.0072084259900000005,-0.265634977,-0.43061711,-0.07111496219999999,0.0834374641,-0.8642936840000001,-0.7581018959999999,-0.803761741,-0.8234363440000001,0.132949752,-0.38624865700000005,0.512402739,-0.914551973,-0.109802897,0.385256008,-0.18897557899999998,-0.27983075,-0.79895117,-0.527745292,0.23408562300000002,0.264725328,0.756938665,-0.98413233,-0.11375551199999999,0.27867824199999996,-0.491786115,0.0493759722
0.331444922,-0.37989420100000004,0.143215945,-0.6507797160000001,0.8032859509999999,0.975234438,0.8870314979999999,0.533209291,0.517152197,0.483377995,-0.922074125,0.43600967,0.554333694,0.498239785,-0.990599285,0.9884634640000001,-0.9141085990000001,0.310931186,0.970440333,0.989473319,-0.46033763899999997,1.0,0.763781982,-0.9652104159999999,0.7490639379999999,-0.10194763400000001,-0.010785598799999999,0.608202289,0.519422509,0.378763085,0.845313225,-0.24117135899999997,0.839373745,0.811988202,0.640073869,0.916206257,0.8713271690000001,0.922318977,-0.18650205,0.912317422,0.934661537,0.923762647,0.304884231,0.745081902,-0.8231420490000001,-0.943484999,0.887810248,0.275743505,0.771738337,-0.253085679,-0.955081422,-0.796333423,-0.034763528599999996,0.891057929,0.789829797,-0.646633546,-0.150965826,-0.710729229,0.8868774420000001,0.918660477,0.946425802,0.9772010870000001,0.158874236,0.8454827490000001,-0.524474626,0.262358152,0.696783412,0.9089622070000001,0.490192057,0.610692233,-0.427839211,-0.0938912657,0.9168997759999999,0.977771793,0.647339098,-0.30113883199999997,0.303814342,0.9841580240000001,0.263206645,-0.329908753,0.380750032,0.9646628629999999,0.78259695,0.535526516,0.544905085,0.136993268,0.887759848,0.8586067070000001,0.878715875,0.78052637,0.959275518,0.6459419670000001,-0.143091637,0.990314233,0.963482526,0.807057838,-0.5541968,0.832107507,0.918040269,-0.344159234,-0.922714175,0.50385954,0.895235896,0.788772028,0.783208061,0.569658863,0.887944926,0.39313484299999996,0.40566318700000004,-0.8280282059999999,0.017558385,0.7180139059999999,0.755914615,0.138829448,0.742142567,-0.35009098899999996,0.623505044,-0.77171615,0.579537697,-0.598128249,-0.783377405,0.020558681999999998,-0.9012570940000001
