1.0,0.261508482,0.550044028,-0.15562847300000002,-0.370887471,-0.824893841,0.109401321,-0.0986196176,0.937609687,0.417431746,0.16528133,0.307623629,-0.22161345600000001,0.649209945,0.98024434,-0.40545491200000006,0.6167373070000001,0.440961094,0.782314882,-0.650059686,0.966487545,-0.8243738709999999,0.992277877,0.35791166399999996,-0.406642766,0.5362871339999999,0.07057183360000001,0.533470581,0.8132112640000001,-0.36416343100000004,0.019901863500000002,0.19035283600000003,0.49477257799999996,-0.319415185,0.329991048,-0.271192259,0.267687398,-0.457921984,0.320240026,0.7787724490000001,-0.400843994,0.039729864,-0.231815465,-0.372725054,-0.0129577723,0.17694610300000002,-0.5743397579999999,-0.773058282,-0.262621725,0.209383118,0.49250142399999997,-0.27827673399999997,-0.521053633,-0.580734181,-0.294069254,0.013999768999999999,0.673933872,0.45365940899999996,-0.29209935600000003,-0.9219209559999999,0.57852809,-0.569998824,0.688911314,0.744985984,0.505696874,-0.390083339,0.7130768409999999,0.480140322,0.490029379,0.16632277,0.121244629,0.37109432700000006,-0.432777711,0.223758448,-0.150892504,0.06374246780000001,0.470860391,0.0808196907,-0.619239732,0.17447734199999998,-0.07851123980000001,0.256793423,0.265209042,0.447304136,0.9229623840000001,0.517405902,-0.18488703899999998,0.22918589,0.900315891,-0.12369868199999999,0.5388011229999999,0.515661585,0.825125817,0.014482241699999999,-0.507917783,-0.153646413,0.206093424,-0.611996285,0.00042136616900000003,-0.09782340910000001,0.385220761,0.791889098,0.46555392,-0.12466881199999999,0.762610233,0.08817871710000001,0.16839728399999998,-0.242172274,0.710878397,0.95442559,-0.560161945,0.391553761,-0.0831766679,0.27462281899999996,0.94974225,0.308662005,0.142928531,0.186355104,0.529554078,-0.150844585,0.611515467,0.684598665,-0.32447710399999996
0.261508482,1.0,-0.344493999,0.327795638,0.43013817200000004,-0.294009471,-0.555552084,-0.841405602,0.048839425,0.41614544299999995,-0.748023563,-0.156140552,-0.8571183920000001,-0.102964309,0.226029927,0.344551228,0.7239435320000001,-0.340232429,-0.38641614799999996,-0.7084209090000001,0.432408862,-0.713216466,0.32527906300000003,0.236526293,-0.7062618709999999,0.548595823,-0.331420671,0.399835283,-0.19786659399999998,-0.5998904860000001,-0.542063658,-0.7537566459999999,-0.35571528,0.662062905,0.338661172,-0.868817869,-0.597040308,-0.793279052,0.521495859,-0.35369504799999996,-0.8693047490000001,-0.9226938720000001,0.198175746,0.606939875,0.627838366,0.620980031,0.607159061,0.394875418,0.6167304570000001,-0.111565656,0.42483360200000003,-0.811806847,-0.163013835,-0.012310950800000001,-0.38587854899999996,-0.7602088229999999,-0.222510472,0.44869243799999997,-0.590961273,-0.08619702929999999,-0.562259772,-0.319967644,0.381126116,0.136442352,0.693287078,0.341297829,0.438082705,-0.285216056,0.553409865,0.553818173,-0.18111339,0.82410839,-0.7419191940000001,-0.23014758600000002,-0.4513044,-0.15866925199999998,0.7567865490000001,-0.7150410429999999,0.473231523,-0.079933057,-0.348896575,0.933291164,-0.274008623,-0.255400928,0.495676214,-0.031203862599999996,-0.9598029379999999,-0.0653923096,0.395654467,0.426903428,0.925856188,0.900069125,0.576859633,0.314575523,-0.17134057,-0.578147778,-0.653338168,-0.492662098,0.357936619,-0.0578817796,-0.756639136,0.698790565,-0.315246044,0.1402559,0.27573733300000003,0.6003727329999999,-0.140960355,-0.310659613,0.711039685,0.20923478399999998,0.463458662,-0.141188747,-0.399445376,0.334932177,-0.0330176822,0.866251648,0.40801192700000005,0.88960587,0.818766245,-0.142656379,0.8622727290000001,0.21352546100000003,-0.316046392
0.550044028,-0.344493999,1.0,-0.842902651,-0.0016427452100000002,-0.109743244,-0.09738424720000001,0.45000147700000004,0.772804405,-0.08795031710000001,0.176897518,-0.08737283470000001,0.251044834,0.582799088,0.6770519420000001,-0.894962457,0.357601303,0.14609091,0.719325462,-0.253611049,0.325027965,-0.33107591,0.575064723,0.663273808,-0.15540959599999998,0.484651272,0.426034304,0.534051119,0.400998535,0.371305706,0.5272848379999999,0.199426672,0.9503940329999999,-0.230103535,-0.545841206,0.5963757679999999,0.215381724,0.16021801900000002,-0.16865755100000002,0.8244090479999999,0.0396838837,0.5108313720000001,-0.167394795,-0.923252692,-0.0295455063,-0.156725269,-0.571412768,-0.644800005,-0.0714889171,-0.43680933299999997,0.6524224129999999,-0.149864196,-0.7656262229999999,-0.743494485,0.43388534100000004,0.0651820595,0.242490304,0.189423536,-0.254471359,-0.7676257120000001,0.664088777,-0.34795919799999997,0.42666983299999994,0.0277772344,0.1785844,-0.908736157,0.36666803,0.166071296,0.0917919067,0.37689594600000004,-0.46449138100000004,0.122985015,-0.249788614,0.104107948,0.0679237541,0.749247944,0.300008674,0.15853293699999998,-0.9553390340000001,0.776056292,0.750189673,-0.0804490676,-0.0072889950099999995,0.977098412,0.47219916700000003,0.9140021759999999,0.5450184370000001,-0.157473957,0.261709297,-0.872477664,-0.0334712815,-0.09430272890000001,0.51480005,0.377288045,-0.327146906,0.32203378899999996,0.059769813,-0.5130612520000001,0.0676719962,-0.346335922,0.59286271,0.320704441,0.09095073199999999,-0.15364350300000001,0.805703618,0.269437923,-0.362906359,0.602824745,-0.10192178800000001,0.688685092,-0.459759705,-0.106460789,-0.37155890799999997,-0.599542974,0.740296665,-0.50487021,0.390581341,-0.0375373818,-0.162791758,-0.33983207200000004,0.162646781,0.321689257,-0.0745333665
-0.15562847300000002,0.327795638,-0.842902651,1.0,-0.415667451,-0.39680130399999997,0.223363905,-0.5746717729999999,-0.473505489,-0.0135781738,0.00338359465,0.10731871300000001,-0.391502886,-0.0850180398,-0.298439424,0.655091049,-0.35297288299999996,-0.00967479856,-0.292651151,0.261612083,0.047340086600000005,0.0735473482,-0.222801566,-0.54835531,-0.0436233637,-0.571704553,-0.699615268,-0.648950104,0.0629823503,-0.7390949309999999,-0.759750666,0.0132141098,-0.912709352,-0.155266855,0.856348771,-0.6848166370000001,-0.117818947,-0.0910250313,0.0019963288,-0.412073352,-0.195481113,-0.45857990299999996,-0.289149067,0.706861965,0.054802054,0.397294785,0.239653018,0.238373365,-0.260062,0.729315713,-0.610901096,0.227300098,0.561535612,0.394984894,-0.42563945200000003,0.241997534,0.0550496426,-0.350327024,0.11638098,0.35897252399999996,-0.223306935,-0.0781912675,-0.439704184,0.310226058,-0.292424673,0.696603014,-0.355728269,-0.0366246404,0.281686602,-0.524780509,0.708209038,-0.253168455,0.13825960199999998,-0.22592089199999998,-0.34921254,-0.7776857890000001,-0.35847438299999995,-0.119737588,0.687789215,-0.7583842040000001,-0.891004983,-0.0209559369,0.0032563838,-0.90996545,-0.24696208600000003,-0.7757631309999999,-0.579721155,0.0937996865,0.00414685391,0.986081298,0.18253592,0.0861072143,-0.36921723,-0.7260831729999999,-0.13159030300000002,-0.08570757220000001,0.267792794,0.254208345,-0.463778879,0.10756390699999999,-0.236330798,-0.196927797,0.10125817,-0.241679918,-0.6247041520000001,-0.492889456,0.443644738,-0.766674027,0.275403398,-0.279535525,-0.042301293,0.22871703,0.37845635299999997,0.8443811240000001,-0.335152341,0.5018257079999999,-0.6882527270000001,-0.0932567976,0.16301692199999998,0.09454010369999999,-0.100303744,-0.28570118,-0.321082868
-0.370887471,0.43013817200000004,-0.0016427452100000002,-0.415667451,1.0,0.659014612,-0.7959862209999999,-0.232761877,-0.257649355,0.022887157,-0.8152658190000001,-0.507770182,-0.31133809,-0.453135055,-0.26259268199999997,0.024904085299999996,0.480280516,-0.663033082,-0.670442627,-0.35053385600000003,-0.367771034,-0.103538465,-0.25335351300000003,0.443350332,-0.33704911299999996,0.5560197929999999,0.183299543,0.478636978,-0.828857403,0.313561777,0.0906561493,-0.8428791529999999,0.0673671439,0.95013999,-0.655344611,-0.000401269819,-0.6712472759999999,-0.262775727,0.176739447,-0.531662161,-0.34937767799999997,-0.48912037799999997,0.532622547,0.20713742699999999,0.569492739,0.14484793,0.7746842509999999,0.7249857940000001,0.966559466,-0.871815662,0.544585112,-0.7221038129999999,-0.267033536,0.0419137856,0.272570675,-0.8787852279999999,-0.768336315,0.312057546,-0.45468696299999994,0.283338843,-0.721537381,0.146084501,0.16339427,-0.706526288,0.461165282,-0.021836291299999998,0.127267511,-0.621682494,-0.051360912300000006,0.8228393909999999,-0.8558016820000001,0.663138541,-0.490333542,-0.24146046399999999,-0.059112597,0.489596163,0.626454121,-0.6361639179999999,0.296336447,0.463754345,0.503710289,0.6639216920000001,-0.495994521,0.209761361,-0.041578625699999996,0.260910314,-0.243323674,-0.36263786,-0.33449561,-0.347187497,0.294074809,0.335507293,0.210684068,0.854774418,0.274496762,-0.281144616,-0.9607316709999999,-0.24008665,0.6585598420000001,-0.13073222199999998,-0.750650425,0.19450668100000001,-0.746217378,0.357466625,0.217037305,0.88638578,-0.661319722,0.563381934,-0.138299602,-0.265441742,0.835461509,-0.649212875,-0.651427181,-0.6173624879999999,-0.44408176200000005,0.10722717400000001,0.812215947,0.740822403,0.17818435,-0.155940106,0.403616226,-0.119982586,0.165247746
-0.824893841,-0.294009471,-0.109743244,-0.39680130399999997,0.659014612,1.0,-0.240483418,0.368746415,-0.599200771,-0.212474816,-0.218865,-0.261915026,0.38389832,-0.681163525,-0.7439153470000001,0.13796266199999999,-0.263328267,-0.369794595,-0.6455545770000001,0.316268239,-0.872849082,0.661036484,-0.767616986,-0.0756702268,0.39768886299999995,-0.0682978339,0.395421322,-0.0196324544,-0.833190131,0.75346886,0.42937583700000004,-0.25806308899999997,0.0237157433,0.50036705,-0.748343063,0.508660436,-0.189104572,0.298647137,-0.1164222,-0.585451056,0.431014623,0.127478701,0.534693879,0.08309655349999999,-0.024276109700000003,-0.41487259299999996,0.47629531,0.650386328,0.47497185799999997,-0.608067699,-0.0966840529,0.042374702599999994,0.230144768,0.42180361299999997,0.36498479899999997,-0.288759938,-0.642672173,-0.0634554813,0.221265407,0.6979433290000001,-0.547453517,0.652404364,-0.26780427,-0.8162325770000001,-0.14724051900000001,0.09477270730000001,-0.331892372,-0.380468436,-0.651795743,0.193643858,-0.51330102,-0.0635617067,0.289992068,0.0118382174,0.40183128700000004,0.294208036,-0.12771423199999998,-0.0310677394,0.283591952,0.186696053,0.49852285399999996,-0.0989801229,-0.177741206,0.038177156000000004,-0.638163565,-0.102994036,0.376528873,-0.155939054,-0.75061576,-0.387005439,-0.513492236,-0.36906366700000004,-0.47659392700000003,0.490684275,0.652545326,-1.86157084e-06,-0.438436719,0.446848478,0.418730051,0.15595256400000002,-0.36655793700000006,-0.512501214,-0.463588599,0.40845894299999996,-0.35130344700000005,0.27578499,-0.342550846,0.569598271,-0.681937754,-0.7519576729999999,0.6791935290000001,-0.42609193799999995,-0.107543675,-0.669202552,-0.725134993,-0.406054249,0.360944704,-0.005694313539999999,-0.415445991,0.19985548600000003,-0.396204102,-0.357537886,0.571772388
0.109401321,-0.555552084,-0.09738424720000001,0.223363905,-0.7959862209999999,-0.240483418,1.0,0.608120966,0.12253921300000001,0.317755895,0.9462595770000001,0.8456107,0.712391465,-0.0998503268,-0.026308459300000003,0.28973281300000003,-0.526538061,0.896213105,0.43766003600000003,0.29211606100000004,0.129981589,0.40605686,0.014686091100000001,-0.777414486,0.794893263,-0.472847133,0.334776575,-0.293300848,0.6013533320000001,0.180260915,0.378496055,0.930391007,0.026263798900000003,-0.778138098,0.450255189,0.11924528300000001,0.9343097890000001,0.110819377,0.180079858,0.256309198,0.733176374,0.6822637859999999,0.0506551666,-0.0317519711,-0.940310285,-0.67687105,-0.7213479979999999,-0.558389075,-0.8907099490000001,0.786495554,-0.733840926,0.8527911509999999,0.6320784770000001,0.438568488,-0.52161621,0.720708296,0.803777262,0.0194374621,0.883664934,0.0736176901,0.414837591,0.461326422,0.028784631,0.638132358,-0.293089094,0.30833652100000003,0.0399422035,0.861168679,-0.53527293,-0.889064506,0.8330849359999999,-0.619760395,0.834874948,0.711384826,0.635100627,-0.644232994,-0.6723292040000001,0.937325634,-0.147910229,-0.662261791,-0.478106829,-0.7293918659999999,0.866748465,-0.27128407600000004,-0.07366524049999999,-0.47886122799999997,0.409442763,0.767246525,0.277447771,0.21867033800000002,-0.5858547829999999,-0.32927376,-0.328058628,-0.5673623170000001,0.353373603,-0.101610282,0.870218268,0.6852564179999999,-0.181982595,0.657014535,0.5680658670000001,-0.27671872399999997,0.91353969,0.23011488300000002,-0.42157111799999997,-0.859601415,0.8958150640000001,-0.584294432,0.0879917057,-0.0945712703,-0.447132565,0.8769979440000001,0.949434067,0.508525646,0.19093533899999998,-0.0751730948,-0.564581152,-0.80883615,-0.101659975,0.691864948,-0.5395008000000001,0.35819309999999993,0.46310742
-0.0986196176,-0.841405602,0.45000147700000004,-0.5746717729999999,-0.232761877,0.368746415,0.608120966,1.0,0.18838342100000002,0.0822245561,0.7404251209999999,0.479377806,0.9752425109999999,-0.16726315,-0.0830564338,-0.208161271,-0.376078235,0.590820965,0.380279351,0.278540716,-0.24583260699999998,0.547039768,-0.124311349,-0.287609983,0.808478197,-0.13247294699999998,0.784540386,0.0753053087,0.206194396,0.84733103,0.900326595,0.715697822,0.607985399,-0.45415286899999996,-0.430574122,0.771579438,0.775692617,0.36638586700000003,-0.0178235698,0.332438801,0.8940749720000001,0.942535175,0.28663248199999997,-0.523038167,-0.803934197,-0.9125528279999999,-0.630727735,-0.432136433,-0.46848524700000005,-0.0030701163800000006,-0.268002515,0.630398736,0.20489469,0.18298910399999999,0.0567181754,0.439994619,0.399830375,0.0987734509,0.711164201,0.0404570055,0.387393812,0.584377893,0.11852283699999999,0.0269769669,-0.216905922,-0.228793915,0.0513189206,0.567984705,-0.796859865,-0.376096605,0.0783039073,-0.46631424200000005,0.7147241999999999,0.6581646329999999,0.81860416,0.105160664,-0.444803348,0.8427707059999999,-0.513090345,0.0390051492,0.371314039,-0.701778935,0.597396223,0.387892085,-0.17422098800000002,0.090586822,0.895355463,0.44118411,-0.0840335874,-0.588459904,-0.819617595,-0.551156035,-0.254862156,0.0776055817,0.510059515,0.10062794300000001,0.46706837799999995,0.535407145,0.164622571,0.43475826799999995,0.583893532,-0.35088487799999996,0.512083535,0.36226875299999994,-0.0810830781,-0.363406145,0.302325077,0.23972142600000002,-0.41274571200000004,-0.138208793,-0.207491115,0.388955714,0.48752017299999995,-0.364108544,0.143319816,-0.613638549,0.0065680272,-0.6827891490000001,-0.434707448,0.49427329700000006,-0.587924397,0.26809241100000003,0.700392494
0.937609687,0.048839425,0.772804405,-0.473505489,-0.257649355,-0.599200771,0.12253921300000001,0.18838342100000002,1.0,0.40305586200000004,0.24479509100000002,0.32063717,0.0263940204,0.583697473,0.957406207,-0.55788494,0.607478339,0.48420475,0.8331981409999999,-0.6288945539999999,0.837293395,-0.699494174,0.9450357690000001,0.42532991,-0.251435363,0.6226639620000001,0.35164554,0.6677139089999999,0.7490733340000001,-0.0290211284,0.33391992600000003,0.26125204,0.7636922840000001,-0.30521034399999997,0.0254015454,0.0248736877,0.37673211700000003,-0.353879292,0.298060408,0.853691808,-0.19825899600000002,0.274364908,-0.0904121548,-0.583060927,-0.133174632,-0.0638022304,-0.66400977,-0.818653794,-0.230214767,0.00289201836,0.570057899,-0.232206122,-0.587634955,-0.599914211,-0.158600574,0.0019434193600000001,0.65312056,0.524241296,-0.20015403399999998,-0.9233190509999999,0.628188715,-0.41668141200000003,0.761974604,0.604567385,0.514560499,-0.557582745,0.753771192,0.5242809270000001,0.265564389,0.238640689,-0.0610090962,0.347791901,-0.335902985,0.354037371,0.0646695702,0.267066449,0.466840025,0.215242286,-0.80321747,0.354397224,0.202563945,0.15229852800000002,0.32372463,0.689018675,0.884208164,0.67877376,0.09330808410000001,0.248979625,0.811610493,-0.441060474,0.33903889600000003,0.38205647299999995,0.8159001909999999,0.21474959899999999,-0.354935158,-0.11442990199999999,0.17599593,-0.54968768,0.149538966,-0.052141165499999996,0.481475951,0.730259843,0.467199841,0.00498276046,0.8436734859999999,0.16248232699999998,0.0830232497,0.0036523024799999994,0.5282622579999999,0.9206001559999999,-0.519431101,0.35289601299999995,-0.10637304,-0.011963941399999999,0.967626102,0.0789907058,0.313038109,0.108603534,0.390989236,-0.0897875818,0.509945791,0.7380935479999999,-0.114956031
0.417431746,0.41614544299999995,-0.08795031710000001,-0.0135781738,0.022887157,-0.212474816,0.317755895,0.0822245561,0.40305586200000004,1.0,0.118152635,0.773709078,0.07797278469999999,-0.416779778,0.301482798,0.48807445,0.527754652,0.621505658,0.0492616098,-0.746008592,0.544497881,-0.37260860799999995,0.44527815,-0.348519633,0.176073905,0.546626296,0.559363049,0.637797005,0.252968788,0.077219756,0.358006874,0.07045026900000001,0.148957821,0.166306641,0.314499531,-0.509151382,0.41779818399999996,-0.8786459609999999,0.984157354,-0.0498067632,-0.0348694524,-0.0841332068,0.710220559,0.38788644200000005,-0.395300771,-0.39186795799999996,-0.118401277,-0.162129001,0.011630651100000002,0.23231532100000002,0.0273339394,-0.18715921100000002,0.292822423,0.420820598,-0.885977847,-0.39186795799999996,0.550014122,0.9166932659999999,0.308142398,-0.0846242045,-0.263394585,0.388005621,0.835190317,0.631225435,0.7901416590000001,0.46789843200000003,0.8588262609999999,0.671035509,-0.284041535,0.0270633027,0.233466938,0.5348256579999999,0.021848678599999997,0.7879079440000001,0.549322077,-0.49156152399999997,0.41898524200000004,0.291937848,0.100065647,-0.442465981,-0.412234253,0.376326815,0.72330437,-0.105575325,0.629701679,-0.188166019,-0.35802062799999995,0.839928035,0.7544652620000001,0.13916567400000002,0.305534459,0.723380803,0.532815279,0.33221544399999997,0.498226781,-0.9351233720000001,-0.0890690776,0.149926489,0.719359909,0.777168943,-0.28383327199999997,0.65384952,0.579313644,0.801147988,0.171296057,0.136586664,0.6089418560000001,-0.566949815,0.794186627,0.16832235199999998,0.293675729,0.7091820390000001,0.40901067399999996,0.418395449,0.24429766100000003,0.7205926490000001,0.412445922,0.279285772,0.846775863,0.720185812,0.5030559410000001,0.903960265,0.542649322
0.16528133,-0.748023563,0.176897518,0.00338359465,-0.8152658190000001,-0.218865,0.9462595770000001,0.7404251209999999,0.24479509100000002,0.118152635,1.0,0.705116168,0.796949025,0.11311027,0.0811953584,-0.0228748413,-0.55264073,0.844802525,0.620749266,0.378503318,0.10298083599999999,0.414477196,0.0698953574,-0.567316464,0.757425043,-0.46310797200000003,0.36428209200000006,-0.279980335,0.66511274,0.285459982,0.473821431,0.997475214,0.25104606399999996,-0.8865183520000001,0.249400683,0.384231971,0.943464137,0.323972301,-0.0408018604,0.480129674,0.784335129,0.858860489,-0.111169418,-0.345812577,-0.909056202,-0.678400525,-0.86607288,-0.7052644840000001,-0.933354225,0.6440425879999999,-0.594383055,0.878259472,0.40319951,0.18913765899999999,-0.255740329,0.829156198,0.7821915359999999,-0.0991897569,0.7954342209999999,-0.09678561109999999,0.6418241579999999,0.327658918,-0.0160955291,0.5357516139999999,-0.404000641,-0.00442113422,-0.025990413100000002,0.8045106040000001,-0.490804315,-0.821847019,0.686649271,-0.7083030020000001,0.800017575,0.61958404,0.582627149,-0.373167524,-0.696073997,0.9578241129999999,-0.41773319600000003,-0.39590856,-0.21142139699999998,-0.8470939820000001,0.759042258,-0.00293492953,-0.0798856075,-0.222113795,0.640694407,0.5955067629999999,0.202876534,-0.0370719674,-0.6814756479999999,-0.50564254,-0.310951676,-0.538752405,0.201220165,0.151154406,0.92397838,0.555389764,-0.293945067,0.449353082,0.7889996340000001,-0.33191305,0.854043675,0.0590046103,-0.26223917199999996,-0.838122783,0.712980185,-0.330417426,-0.09502934210000001,0.0378545758,-0.624262407,0.7411022690000001,0.8075447859999999,0.278091127,0.333581693,-0.351174465,-0.549671524,-0.8983458190000001,-0.311671427,0.498461941,-0.615617372,0.282749898,0.37166688700000006
0.307623629,-0.156140552,-0.08737283470000001,0.10731871300000001,-0.507770182,-0.261915026,0.8456107,0.479377806,0.32063717,0.773709078,0.705116168,1.0,0.541491817,-0.302240864,0.156223117,0.447966052,-0.0508797121,0.952355715,0.329586411,-0.22649413399999999,0.385493656,0.0680931581,0.261723806,-0.703196532,0.640570337,0.00464472285,0.5657072439999999,0.18010576600000003,0.541169114,0.194958507,0.48488426700000004,0.6671037870000001,0.132081331,-0.425241582,0.447078646,-0.17781375600000002,0.868964104,-0.41163315799999994,0.67173808,0.155814757,0.48610656,0.431032739,0.444825201,0.172203551,-0.859666879,-0.6934699259999999,-0.559583017,-0.472594771,-0.584607828,0.633872205,-0.461428496,0.46512338799999997,0.574193394,0.52166535,-0.8321077640000001,0.258579965,0.845867513,0.537483125,0.768031218,-0.005199732929999999,0.137484844,0.536146991,0.499926411,0.769466813,0.252642783,0.447594216,0.517461654,0.957189106,-0.53489626,-0.567711259,0.66736705,-0.11212410199999999,0.57451827,0.9300765670000001,0.751588073,-0.6829900790000001,-0.20937487300000002,0.8016536999999999,-0.0655450429,-0.6690585720000001,-0.521032823,-0.283078462,0.990153245,-0.211741552,0.306745678,-0.40388614700000003,0.0987906286,0.985136407,0.605026617,0.190136291,-0.23503206199999999,0.17660904600000002,0.08549353800000001,-0.170534665,0.526548715,-0.589101711,0.527380445,0.5419874410000001,0.29762661,0.876924151,0.23135676100000002,0.181921634,0.936136236,0.614770363,-0.170659435,-0.487042543,0.9299278329999999,-0.683220985,0.490290624,0.0348222313,-0.13259939099999998,0.98000074,0.858051175,0.5455595120000001,0.272635737,0.332779289,-0.125863334,-0.388116085,0.39682895700000004,0.8693496829999999,-0.0828466219,0.755608683,0.63156456
-0.22161345600000001,-0.8571183920000001,0.251044834,-0.391502886,-0.31133809,0.38389832,0.712391465,0.9752425109999999,0.0263940204,0.07797278469999999,0.796949025,0.541491817,1.0,-0.27334019600000004,-0.23790279999999997,-0.0302284918,-0.529606703,0.620399858,0.279645733,0.399531156,-0.33041222800000003,0.6778886959999999,-0.262999247,-0.47855490799999995,0.9150488109999999,-0.304333194,0.711048385,-0.0917848524,0.17171404199999998,0.796472781,0.822747523,0.7684310120000001,0.42004708399999996,-0.49566866,-0.30101538899999997,0.6999385290000001,0.8080339440000001,0.3956423,-0.0192781903,0.198369885,0.968007104,0.9206323279999999,0.290999663,-0.36829479299999995,-0.875553502,-0.93550848,-0.5858154560000001,-0.35245079100000004,-0.544332406,0.145931597,-0.47225647,0.758235952,0.404564415,0.353025108,-0.0316722146,0.520823308,0.402829593,0.0155994873,0.837717842,0.20590265,0.312240406,0.684156045,-0.006689726020000001,0.0484373305,-0.32453838399999996,-0.04555064,-0.06292526009999999,0.587377324,-0.860469513,-0.5411505529999999,0.238174122,-0.583165119,0.8508967820000001,0.670838147,0.845926561,-0.0780337173,-0.595631149,0.8942399059999999,-0.347542997,-0.154659084,0.202674121,-0.782810435,0.649603674,0.177331247,-0.310979482,-0.126205685,0.854830905,0.505990385,-0.151145397,-0.408041527,-0.894293442,-0.608241037,-0.419943835,-0.0677362604,0.588792325,0.0772195712,0.547399965,0.7012002629999999,0.09810266699999999,0.530216633,0.5409126870000001,-0.47989179600000004,0.5555654010000001,0.376896344,-0.291919561,-0.509811799,0.430759633,0.09710220189999999,-0.431105711,-0.295462409,-0.175604116,0.460114013,0.635573088,-0.22298180899999998,0.0020707382,-0.565343776,-0.146287035,-0.774516973,-0.46175871700000004,0.595451425,-0.7050068970000001,0.193072178,0.738930423
0.649209945,-0.102964309,0.582799088,-0.0850180398,-0.453135055,-0.681163525,-0.0998503268,-0.16726315,0.583697473,-0.416779778,0.11311027,-0.302240864,-0.27334019600000004,1.0,0.714378856,-0.777848113,0.127763392,-0.0414171063,0.753436529,0.00854524801,0.5181209379999999,-0.48884613,0.609680239,0.591919921,-0.5221562820000001,0.0226031246,-0.423319843,-0.0527806388,0.6365114629999999,-0.45984839299999997,-0.303486971,0.17871424600000002,0.327933817,-0.509887888,0.128718387,0.13323127,-0.0457002904,0.288799821,-0.5072689979999999,0.8194170359999999,-0.347029744,0.12327328300000001,-0.8505223540000001,-0.6729759209999999,0.279699221,0.497969634,-0.501773568,-0.656586329,-0.33159054600000004,0.08783536980000001,0.406209318,-0.0670796355,-0.715361712,-0.902390895,0.41214285700000003,0.39592866,0.252735783,-0.340663748,-0.507092941,-0.8351587159999999,0.816950593,-0.88566659,-0.038160038199999996,0.259323736,-0.193125405,-0.742205318,-0.029294918,-0.047243411900000004,0.7227903609999999,0.0743938046,-0.000630841039,-0.12543201699999998,-0.406108898,-0.42184131799999997,-0.605667802,0.41296057799999997,0.0660110991,-0.126574304,-0.68265539,0.48269107200000005,0.204793411,-0.099536101,-0.306043028,0.48238391,0.377073551,0.619618,0.11095712699999999,-0.442258624,0.27773345899999996,-0.183973037,0.261977996,-0.109431344,0.34243983899999997,-0.332476589,-0.9250913890000001,0.633075314,0.340020592,-0.697568271,-0.644564374,-0.722949093,0.646675576,0.21680011300000002,0.025618965499999997,-0.808834651,0.570445203,-0.09463786369999999,-0.283032878,0.17263239800000002,0.0569228369,0.79940242,-0.838893986,-0.155187758,-0.36651937100000004,-0.013290044099999999,0.7414349370000001,-0.282495919,-0.269500497,-0.0952698015,-0.18550024,-0.7266803959999999,0.155296225,-0.077147805,-0.782012189
0.98024434,0.226029927,0.6770519420000001,-0.298439424,-0.26259268199999997,-0.7439153470000001,-0.026308459300000003,-0.0830564338,0.957406207,0.301482798,0.0811953584,0.156223117,-0.23790279999999997,0.714378856,1.0,-0.5613323139999999,0.656863938,0.31631332300000004,0.7876660590000001,-0.639630255,0.9070742140000001,-0.8371873890000001,0.9855457259999999,0.524482726,-0.48423208700000003,0.596991884,0.0785015992,0.580972801,0.7418284079999999,-0.296744424,0.050972265999999995,0.11114289699999999,0.5973688970000001,-0.25851009399999997,0.160399918,-0.148061542,0.171660039,-0.37447241,0.213669312,0.8227897470000001,-0.434104541,0.052452048200000004,-0.270677513,-0.49997154,0.0917318261,0.219730151,-0.542192672,-0.751165188,-0.164268252,0.0362515981,0.628383679,-0.357835574,-0.674129625,-0.710854001,-0.117082263,-0.0343986605,0.55759895,0.411567646,-0.408327774,-0.973396667,0.605296817,-0.639375171,0.667475252,0.6024517389999999,0.493513555,-0.550502921,0.678202773,0.357181514,0.528842562,0.300376672,-0.053851284400000005,0.40291699299999995,-0.5215602970000001,0.12235042199999999,-0.211445104,0.259625772,0.532169201,-0.00482662534,-0.7095432190000001,0.365672777,0.10951935800000001,0.28234829,0.129658134,0.596979641,0.9075941559999999,0.6751658309999999,-0.111359469,0.0784069308,0.813806313,-0.278895386,0.537298941,0.465484316,0.85334493,0.117576617,-0.5722656979999999,-0.0458453608,0.115325471,-0.7177853,0.00294999381,-0.23883391699999998,0.401760138,0.782478685,0.329997403,-0.191241852,0.8645402259999999,0.20456269100000002,-0.0144095049,-0.048021782400000004,0.599493462,0.989796021,-0.553917698,0.229581637,-0.245081613,0.09137246789999999,0.9623908090000001,0.184870263,0.234546917,0.23587762199999998,0.44016624200000004,-0.287937558,0.623366832,0.611477072,-0.376180381
-0.40545491200000006,0.344551228,-0.894962457,0.655091049,0.024904085299999996,0.13796266199999999,0.28973281300000003,-0.208161271,-0.55788494,0.48807445,-0.0228748413,0.447966052,-0.0302284918,-0.777848113,-0.5613323139999999,1.0,-0.183357283,0.179903803,-0.630145408,-0.0117447288,-0.171798527,0.275977876,-0.416482846,-0.7971898390000001,0.35926260600000004,-0.242931641,-0.0190968015,-0.217367111,-0.29346237,-0.13241307300000002,-0.175499236,-0.0694747971,-0.719902577,0.249831247,0.513382075,-0.607959264,0.072259766,-0.433783019,0.5480005370000001,-0.769612098,0.108629658,-0.35782668700000003,0.524759392,0.93558917,-0.252542031,-0.178374972,0.418202754,0.508431316,0.0371600932,0.45121639399999997,-0.631463051,0.153777155,0.867238808,0.910229245,-0.727002556,-0.178374972,0.0152347341,0.21298990899999998,0.477586405,0.7239701,-0.7000143,0.608812707,-0.049569952800000004,0.179199337,0.119571429,0.998249906,0.000824137775,0.17792602300000002,-0.362006778,-0.373963925,0.495524466,0.0357564021,0.361075169,0.323845227,0.30997258899999997,-0.851733328,-0.175449075,0.0935617283,0.862504864,-0.873320836,-0.7671037070000001,0.12051445599999999,0.37692017200000005,-0.8795155090000001,-0.24435731100000002,-0.9085137120000001,-0.490562427,0.541502244,0.00448172,0.743676186,0.0016892558899999999,0.278040405,-0.32313448,-0.162427687,0.624410015,-0.6647510999999999,-0.055837347999999995,0.640293248,0.28746658,0.7101152709999999,-0.602002382,-0.112052855,0.194998015,0.551320104,-0.70410579,-0.222840423,0.601284154,-0.709557749,0.311480439,-0.635208865,0.560688616,0.414135882,0.570501536,0.6204797470000001,-0.6089029770000001,0.64113976,-0.161143679,0.0507751929,0.40483597200000004,0.692436272,-0.0549847829,0.0898154925,0.432906721
0.6167373070000001,0.7239435320000001,0.357601303,-0.35297288299999996,0.480280516,-0.263328267,-0.526538061,-0.376078235,0.607478339,0.527754652,-0.55264073,-0.0508797121,-0.529606703,0.127763392,0.656863938,-0.183357283,1.0,-0.103765414,0.0844439542,-0.958276447,0.637107419,-0.881949325,0.7063361920000001,0.587792612,-0.654168855,0.961027698,0.187136268,0.889569875,0.0551214561,-0.163614494,0.023790265,-0.558592128,0.387098195,0.542857528,-0.10081648300000001,-0.421830951,-0.312719866,-0.7776022570000001,0.575013039,0.172170435,-0.710659493,-0.478558758,0.302769852,0.00284741961,0.449007087,0.302644819,0.18074833399999998,-0.0508098912,0.573040521,-0.432849663,0.8384097890000001,-0.880012977,-0.586542959,-0.37850214200000004,-0.20894579100000002,-0.774530852,0.0176778274,0.752274562,-0.6109951379999999,-0.547927629,-0.176128184,-0.35572644,0.811894905,0.187976929,0.9245236459999999,-0.206549646,0.818422792,-0.0293455349,0.411556735,0.7989821420000001,-0.502590695,0.9532007840000001,-0.8043020940000001,0.056519819400000004,-0.175436646,0.304812794,0.980726441,-0.469179774,-0.18382618399999998,0.392689939,0.17925056600000003,0.865748882,-0.102196101,0.437283982,0.8495018540000001,0.55728214,-0.52133246,0.011719529,0.625857312,-0.24601791399999998,0.820622053,0.874067259,0.950897985,0.695271217,-0.17994002899999997,-0.5216344079999999,-0.6283014729999999,-0.7128276590000001,0.600077443,-0.08878654820000001,-0.38344987399999997,0.948872121,-0.142515175,0.265367395,0.812766443,0.8025460059999999,-0.281702943,0.082014755,0.673553462,0.616715353,0.25536223,-0.0879236023,-0.539082356,-0.10661754400000001,0.455660038,0.548460092,0.7915090909999999,0.845329819,0.7758323690000001,-0.168900721,0.964350741,0.5909588929999999,-0.132725915
0.440961094,-0.340232429,0.14609091,-0.00967479856,-0.663033082,-0.369794595,0.896213105,0.590820965,0.48420475,0.621505658,0.844802525,0.952355715,0.620399858,-0.0414171063,0.31631332300000004,0.179903803,-0.103765414,1.0,0.5867483920000001,-0.140479708,0.453085223,0.0454692817,0.37939361899999996,-0.5703548070000001,0.620501816,-0.0376195644,0.549992693,0.145977087,0.727095453,0.206353347,0.530405859,0.822788258,0.310433268,-0.639505422,0.391658354,0.0101994874,0.956353234,-0.22882803699999998,0.480745849,0.42892427299999997,0.538091862,0.618664123,0.22780761,-0.112433604,-0.890734963,-0.685963729,-0.7856855340000001,-0.7058627829999999,-0.745040525,0.640068444,-0.394945669,0.555779414,0.398816911,0.287283172,-0.663403611,0.45261904299999994,0.9446667470000001,0.414232459,0.728531762,-0.216128015,0.429461045,0.373453659,0.46448754700000006,0.8056170890000001,0.125367616,0.186594525,0.47206832,0.997100908,-0.45531637399999997,-0.606119006,0.663075466,-0.246838924,0.577930692,0.87988311,0.69196703,-0.526520831,-0.28330279,0.885239421,-0.335153661,-0.507418812,-0.381422645,-0.4403755999999999,0.963368571,-0.0132087859,0.345160914,-0.212016843,0.291510037,0.890976095,0.623281154,0.0365057114,-0.312641878,0.0206551228,0.108065995,-0.260754428,0.335944481,-0.35421793799999995,0.6940581490000001,0.432702222,0.116087925,0.711154136,0.5105321829999999,0.148719844,0.990856449,0.415369958,-0.039382017000000005,-0.574236428,0.866951131,-0.5648402929999999,0.39509930200000004,0.21592884199999998,-0.402428539,0.959874725,0.813566098,0.45746219,0.478798545,0.11946021300000001,-0.215275418,-0.53557499,0.231920842,0.715170503,-0.161672721,0.728837828,0.50709386
0.782314882,-0.38641614799999996,0.719325462,-0.292651151,-0.670442627,-0.6455545770000001,0.43766003600000003,0.380279351,0.8331981409999999,0.0492616098,0.620749266,0.329586411,0.279645733,0.753436529,0.7876660590000001,-0.630145408,0.0844439542,0.5867483920000001,1.0,-0.110139944,0.641769626,-0.334320469,0.727235043,0.21129935100000002,0.0127269674,0.0969454973,0.171127749,0.17220062600000002,0.914836885,-0.047004718,0.269759082,0.655216143,0.640891364,-0.76199989,0.14186072,0.280884851,0.5885627929999999,0.12601927,-0.111173696,0.978679472,0.13303832,0.5952333710000001,-0.451613143,-0.7472389079999999,-0.359433998,-0.142569979,-0.925937028,-0.9875095190000001,-0.667156942,0.30302725399999997,0.18371061100000002,0.264339848,-0.413723126,-0.5925702829999999,0.013770248300000001,0.547653309,0.758359665,0.0516803678,0.0517651845,-0.8359957290000001,0.94418243,-0.417454394,0.33224226100000004,0.613307468,-0.0317147064,-0.607786351,0.32387526699999997,0.584446145,0.193810521,-0.217711073,0.256752133,-0.21820928399999998,0.0375648489,0.268165959,0.048829130400000004,0.164024314,-0.0708047666,0.48868190799999994,-0.880743638,0.221653152,0.124488871,-0.368391749,0.359312588,0.558184464,0.529854684,0.505990006,0.414941279,0.186296215,0.573060265,-0.34000830600000004,-0.060251323200000005,-0.118634142,0.38340882600000004,-0.266332847,-0.463654668,0.302523513,0.642298314,-0.303754468,-0.331651317,-0.138102419,0.8735445940000001,0.27236478399999997,0.607674236,-0.314739808,0.5309535320000001,-0.334698996,0.220848956,-0.0383418421,0.200010546,0.7878955540000001,-0.884975443,0.41928770200000004,0.147784391,0.0767982425,0.9228206109999999,-0.276697281,-0.202277232,-0.40597819,-0.06202170519999999,-0.132912271,0.0122147595,0.435605807,-0.206933129
-0.650059686,-0.7084209090000001,-0.253611049,0.261612083,-0.35053385600000003,0.316268239,0.29211606100000004,0.278540716,-0.6288945539999999,-0.746008592,0.378503318,-0.22649413399999999,0.399531156,0.00854524801,-0.639630255,-0.0117447288,-0.958276447,-0.140479708,-0.110139944,1.0,-0.709332703,0.8328944359999999,-0.726058127,-0.343693542,0.464704102,-0.9262573409999999,-0.312594446,-0.899065355,-0.162064185,0.13255344800000002,-0.118783975,0.39710228700000005,-0.348643418,-0.45252138700000005,-0.0567238526,0.51436521,0.09565611800000001,0.902666825,-0.77308394,-0.14290534800000002,0.578930209,0.40211945200000004,-0.444745383,-0.124929749,-0.21776757100000002,-0.12226579,-0.0794593125,0.121405821,-0.426243452,0.232711855,-0.661988462,0.7436565159999999,0.367818837,0.173058639,0.46808098600000003,0.715095541,-0.222569006,-0.8861422240000001,0.380485367,0.482227814,0.19842923699999998,0.17547999,-0.9144628309999999,-0.387966428,-0.981123583,0.010999003,-0.929929372,-0.21478012600000002,-0.252425159,-0.618615745,0.290307362,-0.91555269,0.627050763,-0.302780758,-0.0282921103,-0.062291055,-0.9016917879999999,0.26482748300000003,0.122691618,-0.15098841699999999,0.0173229394,-0.796977743,-0.16677977800000002,-0.30303207,-0.8917265459999999,-0.374480817,0.535928573,-0.292038671,-0.7644659629999999,0.12913581,-0.7565529590000001,-0.92918546,-0.931346421,-0.626291535,0.00332896626,0.7104844859999999,0.496019965,0.521299311,-0.682800142,-0.18011056,0.37318490600000004,-0.970862604,-0.100558732,-0.451192414,-0.7006814509999999,-0.653761405,0.00311216238,0.14666659,-0.8108987990000001,-0.56512067,-0.264326241,-0.18359564399999997,0.27786196399999996,-0.0829927715,-0.464628482,-0.6776035429999999,-0.7326284940000001,-0.74533368,-0.895783005,-0.0975801078,-0.927958727,-0.7700539270000001,-0.051624037000000005
0.966487545,0.432408862,0.325027965,0.047340086600000005,-0.367771034,-0.872849082,0.129981589,-0.24583260699999998,0.837293395,0.544497881,0.10298083599999999,0.385493656,-0.33041222800000003,0.5181209379999999,0.9070742140000001,-0.171798527,0.637107419,0.453085223,0.641769626,-0.709332703,1.0,-0.852039652,0.95748745,0.21350971800000001,-0.41740824200000004,0.5150663839999999,-0.006150796589999999,0.49884105700000003,0.7706074759999999,-0.495822985,-0.10637508,0.120913369,0.292543332,-0.23970460000000002,0.511739951,-0.500375913,0.22847504600000001,-0.6153926789999999,0.465034268,0.6090495260000001,-0.47807003299999995,-0.128549485,-0.15111464900000002,-0.12376231900000001,2.99943214e-05,0.229786228,-0.449954109,-0.655975333,-0.22863387100000002,0.331332778,0.39108024399999997,-0.311384096,-0.361621231,-0.41409974200000005,-0.486061103,-0.0632622531,0.677902808,0.514679812,-0.259460858,-0.803852097,0.411149537,-0.512239266,0.699211473,0.825927897,0.576478929,-0.153811807,0.742998677,0.495653158,0.505682825,0.117486345,0.24135301,0.437975871,-0.434520901,0.24969195100000002,-0.163241344,-0.14568009,0.49143064700000005,0.0307106998,-0.401155537,-0.0280445622,-0.300574678,0.360223356,0.313040512,0.22534899999999997,0.928420641,0.32007706199999997,-0.392499941,0.327762088,0.956226088,0.10247133,0.641990749,0.656628354,0.8133235959999999,-0.0356967936,-0.43718094399999996,-0.324705707,0.165021009,-0.5418177829999999,0.0478826993,0.023114433599999998,0.21269767899999997,0.837096699,0.49045317200000005,-0.0384915873,0.641929701,0.06923467280000001,0.293069796,-0.44676392,0.859256742,0.867934373,-0.442329973,0.475174672,0.00412127312,0.47213809100000004,0.843562046,0.531777168,0.106457211,0.267656259,0.690842434,-0.0421764799,0.6823177429999999,0.7149245679999999,-0.306864079
-0.8243738709999999,-0.713216466,-0.33107591,0.0735473482,-0.103538465,0.661036484,0.40605686,0.547039768,-0.699494174,-0.37260860799999995,0.414477196,0.0680931581,0.6778886959999999,-0.48884613,-0.8371873890000001,0.275977876,-0.881949325,0.0454692817,-0.334320469,0.8328944359999999,-0.852039652,1.0,-0.86901769,-0.586767423,0.7917933859999999,-0.7440889959999999,0.157392981,-0.637344757,-0.37475094,0.538568155,0.282867723,0.39277278600000004,-0.24912763699999999,-0.218110637,-0.23534806600000002,0.544922961,0.278927242,0.661364909,-0.375770934,-0.396799038,0.826072492,0.49238975100000004,0.12036200300000001,0.0646754044,-0.486305429,-0.550061767,0.014464651499999998,0.288691097,-0.27891809,0.11323759900000001,-0.7435176609999999,0.7493611790000001,0.642926392,0.577875335,0.20591700300000002,0.46951280700000003,-0.200594506,-0.500692675,0.69045411,0.757474317,-0.123046936,0.682473668,-0.654144325,-0.428612989,-0.717803758,0.271044099,-0.688995191,-0.014232373400000001,-0.724383112,-0.58500379,0.21856801399999998,-0.756540643,0.8369412829999999,0.11727186699999999,0.45833968700000005,-0.185016404,-0.8248478370000001,0.464069987,0.265953744,-0.302494439,0.038683256299999996,-0.738690911,0.147705965,-0.335280681,-0.902187768,-0.527906255,0.596540451,0.0729630392,-0.7456621040000001,0.012763881999999999,-0.908316108,-0.807019686,-0.931163011,-0.29164887,0.550808544,0.291116499,0.329029957,0.8426355790000001,-0.182189038,0.287757557,0.137826798,-0.932923415,0.0235135074,0.111730209,-0.805846671,-0.533004032,0.185403631,0.119698536,-0.766356822,-0.831418487,0.133090562,0.00855032319,0.48397801799999995,-0.174791712,-0.659168622,-0.560663824,-0.42165323,-0.6931106029999999,-0.721989265,0.368263865,-0.9292724309999999,-0.49461083,0.492965366
