0.000000000000000000e+00 6.095591519999999930e-01 6.669104729999999481e-01 -2.801666759999999617e-02 7.786361059999999945e-01 8.916153309999998999e-01 5.667097760000000539e-01 4.828369100000000080e-01 7.080801659999998998e-01 2.865653659999999880e-01 2.083545780000000125e-01 2.108224489999999951e-01 -2.249420239999999904e-01 6.864759329999999826e-01 6.527564409999999651e-01 -2.431813490000000165e-04 2.720995830000000337e-01 4.758041550000000064e-01 1.349349269999999823e-01 3.806164890000000023e-01 -4.916334020000000526e-01 -4.476936039999999672e-01 6.666894039999999855e-01 4.590930570000000266e-01 1.897653869999999798e-01 4.382164139999999986e-01 6.500834989999999536e-01 5.312953040000000238e-01 8.060593379999999586e-01 -1.454583220000000010e-01 1.585724550000000010e-01 7.555424030000000568e-02 7.109656770000000181e-01 6.611865579999999243e-01 6.987284550000000261e-01 4.812965999999999633e-01 4.185966760000000009e-01 1.549366249999999945e-01 3.777366440000000103e-01 6.789857029999999405e-01 6.160952219999999979e-01 -2.467617589999999972e-01 8.208556670000000111e-01 -5.950052639999999782e-01 8.073337699999999506e-01 -2.891255189999999975e-01 4.598812409999999962e-01 7.653172280000000161e-01 9.608547309999999619e-01 5.636598279999999184e-01 7.082571040000000817e-01 -1.752914030000000123e-01 4.413455539999999733e-01 9.462553299999999501e-01 -9.721985959999999150e-01 4.638684820000000264e-01 1.218475190000000014e-01 -7.939556250000000537e-01 9.757766190000000117e-01 -1.819145539999999783e-01 6.576542710000000680e-01 4.815831889999999671e-01 9.646275879999999248e-01 9.230229730000000243e-01 -8.392639250000000217e-01 7.215630270000000790e-01 3.401518960000000091e-01 4.960895049999999862e-01 3.294586400000000248e-01 -5.874048389999999564e-01 3.093841849999999782e-01 8.788226479999999841e-01 -3.880278870000000158e-01 3.226844739999999989e-01 -3.195819830000000417e-02 9.043403259999999166e-01 -2.822825139999999844e-01 -2.003350549999999980e-02 2.767175159999999967e-01 4.787847779999999664e-01 6.621521570000000745e-01 5.173129020000000189e-01 -5.947464740000000250e-01 8.572159909999998995e-01 8.210244980000000470e-02 -7.705931050000000004e-01 -3.943752460000000126e-01 9.689642600000000217e-01 9.074656070000000074e-01 -3.783110970000000406e-01 6.409179660000000611e-01 4.195522989999999619e-01 5.494749220000000323e-01 6.079632799999999948e-01 3.998439739999999909e-01 7.369832259999999913e-01 2.747926239999999853e-01 -1.160173719999999936e-01 6.484159750000000333e-01 -5.239174910000000684e-01 6.947213420000000195e-01 4.531906589999999957e-01 1.788857050000000060e-01 4.571572210000000025e-01 5.148160299999999800e-01 9.946497619999998541e-02 2.857096130000000289e-01 1.598479530000000148e-01 -3.636772870000000157e-01 4.406912270000000187e-01 -8.125771149999999610e-01 7.693113429999999253e-01 5.969280799999999720e-01 -3.739119089999999868e-01 6.564340579999999870e-01 3.109311860000000260e-01 5.282252899999999585e-01 4.881222629999999452e-01 1.438093450000000051e-01 2.226002210000000148e-01 6.490474219999999850e-01 2.365893869999999843e-01 5.627756170000000058e-01
6.095591519999999930e-01 0.000000000000000000e+00 4.534757700000000002e-01 -3.494023860000000092e-01 2.922246860000000113e-01 8.207799300000000464e-01 2.437163569999999946e-01 8.180763859999999887e-01 8.987755800000000184e-01 5.458183469999999815e-01 3.218508010000000197e-01 8.104637690000000561e-01 -7.186968459999999448e-01 2.107858780000000098e-01 5.997435639999999513e-01 -7.494882609999999890e-01 5.176630879999999379e-01 1.534311740000000035e-01 4.347093289999999777e-01 -1.751503739999999976e-01 -9.711583540000000569e-01 5.171598030000000568e-02 7.778855609999999476e-01 9.254262909999999565e-01 8.265881909999999166e-01 5.853111479999999478e-01 9.360360309999999906e-01 2.441219610000000262e-01 9.252148059999999452e-01 -5.971942139999999455e-01 -2.870255469999999920e-01 -6.308364459999999951e-01 7.463350640000000480e-01 7.508093859999999120e-01 7.564669059999999945e-01 7.217784849999999697e-01 -3.969767149999999800e-01 1.570624219999999793e-01 3.691264349999999750e-01 1.110587660000000032e-01 9.649796940000000545e-01 -8.737887740000001013e-01 7.940734659999999501e-01 -9.993278009999999600e-01 7.205716580000000038e-01 -1.305211189999999979e-02 1.573400390000000149e-01 8.030520679999999523e-01 6.646936960000000560e-01 -1.480740959999999884e-01 5.539934690000000161e-01 -2.749679289999999998e-01 -2.144579229999999948e-01 7.308934350000000357e-01 -7.384286540000000176e-01 8.287806979999999824e-01 6.237023489999999892e-01 -7.481795100000000476e-01 6.089177070000000302e-01 6.487283480000000102e-01 4.347752839999999841e-01 -3.004839469999999735e-01 5.742808790000000219e-01 4.195726120000000114e-01 -3.292664160000000062e-01 6.285042349999999667e-01 8.731882340000000076e-01 5.592770700000000428e-01 -5.403492890000000104e-01 -8.242149129999999380e-01 3.845496779999999504e-01 9.127931609999999640e-01 -7.860589190000000226e-01 -5.535034850000000173e-01 -8.050235659999999127e-01 8.754374849999999597e-01 2.944657390000000041e-01 -5.551338700000000292e-01 1.448999819999999827e-01 1.613237600000000105e-01 1.967724969999999907e-01 -2.140407839999999839e-01 -1.904546430000000068e-01 7.408579499999999873e-01 9.149257269999999664e-02 3.542653200000000363e-02 -4.048644809999999983e-01 7.421000779999999963e-01 3.490366039999999725e-01 4.341718710000000425e-01 9.440774450000000151e-01 7.179604909999999229e-01 9.884585090000000962e-01 7.758113770000000242e-01 7.419515399999999650e-01 8.799942040000000576e-01 3.617460739999999730e-01 6.535294830000000221e-01 8.391799770000000214e-01 1.811350300000000024e-01 8.220630140000000363e-01 9.446196090000000822e-01 8.726306169999999973e-01 -2.749403220000000148e-01 -3.367522179999999921e-01 -3.145888460000000331e-01 3.926030029999999504e-01 -6.697370070000000508e-01 -9.532049490000000791e-01 8.346847159999999377e-01 -5.460062620000000200e-02 8.351839500000000083e-01 9.441185279999999569e-01 -9.628241459999999918e-01 5.414773809999999798e-01 8.070578379999999719e-01 3.059225420000000195e-01 4.261027739999999620e-01 6.079351510000000625e-01 4.176756350000000034e-02 9.170635329999999863e-01 3.840278289999999872e-01 9.685688590000000042e-01
6.669104729999999481e-01 4.534757700000000002e-01 0.000000000000000000e+00 -7.175555570000000660e-01 7.204097859999999964e-02 8.289170430000000200e-01 -2.341772520000000024e-01 -6.578017910000000246e-02 2.181586169999999991e-01 -4.020309249999999834e-01 -5.496525839999999441e-01 -1.532796810000000010e-01 2.828269170000000110e-01 -6.154719510000000032e-02 -7.955887190000000830e-02 1.862487389999999965e-01 -4.264546120000000107e-01 -3.335405029999999882e-01 7.740582209999999908e-01 -3.477704050000000047e-01 -2.279582480000000022e-01 3.161321360000000080e-01 4.187745650000000014e-02 9.070705919999999534e-02 -1.172272639999999977e-01 -2.813742439999999956e-01 2.233323539999999829e-01 -2.764538129999999927e-01 7.372712209999999766e-01 4.244750310000000026e-01 7.163090570000000268e-01 3.823348089999999977e-01 6.526667660000000371e-02 1.489383149999999947e-02 5.890664990000000351e-02 -1.596453030000000162e-01 -5.535853009999999741e-02 -6.234535890000000302e-01 9.376207730000000184e-01 8.958779420000000382e-01 2.618304579999999882e-01 2.373917479999999858e-02 2.465310410000000063e-01 -4.205946439999999620e-01 1.730015069999999988e-01 -8.750506159999998923e-01 -3.519192029999999582e-01 1.761885380000000056e-01 4.546891029999999834e-01 -6.605739200000000644e-02 9.931807059999999687e-01 -8.435768559999999860e-01 -2.306961139999999799e-01 8.345810719999999794e-01 -5.516348039999999786e-01 -6.367715110000000955e-02 -4.054270449999999859e-01 -1.715520199999999995e-01 4.898532989999999643e-01 9.940397830000000101e-02 -1.175198030000000060e-01 -6.079433019999999632e-02 8.376821529999999294e-01 3.524924400000000180e-01 -1.801304489999999980e-01 1.239050080000000074e-02 -3.749698590000000165e-02 -2.482973689999999900e-01 6.657907009999999848e-02 -1.356490530000000090e-02 -4.610818370000000499e-01 6.419619659999999950e-01 -7.509815499999999977e-01 1.725069630000000132e-01 -1.770080269999999845e-01 7.180990420000000762e-01 -7.161385690000000581e-01 -5.949607370000000728e-01 8.961970959999999709e-01 -3.309856030000000171e-01 9.479256290000001028e-01 7.030003470000000254e-01 -9.587367929999999205e-01 2.648035850000000080e-01 -6.814013300000000273e-01 -4.849444500000000269e-01 3.896524339999999920e-01 5.410158149999999555e-01 3.433617409999999981e-01 -4.938034110000000254e-01 2.316718620000000062e-01 -2.024203960000000024e-01 3.143274239999999664e-01 -1.552601459999999878e-02 -1.916861160000000175e-01 2.250981730000000125e-01 -4.928305940000000107e-01 -3.127275589999999883e-01 8.254254160000000506e-02 1.126827090000000059e-01 1.110494919999999858e-01 5.671614079999999225e-01 3.252680350000000109e-01 -1.455656770000000044e-01 1.105296559999999900e-01 -6.118247620000000220e-01 -4.748920859999999911e-01 -9.534038199999998742e-02 -2.025892239999999844e-01 -6.786772089999999757e-02 -6.390345370000000136e-01 2.126592370000000010e-01 1.974520989999999920e-01 -3.250937230000000011e-01 -9.612264470000000949e-02 -1.509658259999999974e-01 -2.794392159999999903e-01 -3.018503189999999781e-01 -4.153732639999999643e-01 -5.773394299999999868e-01 1.879094839999999877e-01 -5.101189860000000520e-01 2.391163639999999979e-01
-2.801666759999999617e-02 -3.494023860000000092e-01 -7.175555570000000660e-01 0.000000000000000000e+00 6.043849100000000529e-01 -4.325339629999999658e-01 7.764627490000000076e-01 2.310758660000000186e-01 8.616115019999999458e-02 5.542332570000000347e-01 7.501844549999999723e-01 5.475127870000000285e-02 -2.680446430000000269e-01 7.061357840000000996e-01 5.224382989999999394e-01 1.001265509999999942e-01 5.811515429999999371e-01 8.415930750000000238e-01 -9.937207399999999913e-01 9.024665290000000173e-01 1.854966869999999934e-01 -8.804701369999999860e-01 3.108143460000000191e-01 -3.208691839999999740e-02 -1.853157919999999861e-02 5.493041610000000130e-01 2.441195550000000141e-03 7.906273159999999134e-01 -4.563923200000000180e-01 -4.105255309999999991e-01 -5.824868610000000224e-01 -1.114973780000000081e-01 3.426868020000000126e-01 3.498299970000000036e-01 3.331325769999999853e-01 3.862617910000000210e-01 6.822917859999999557e-01 8.561740690000000376e-01 -9.090716159999999713e-01 -4.278109460000000253e-01 -9.306076359999999881e-02 9.335511710000000962e-02 2.161121739999999902e-01 3.242690899999999821e-01 3.238580549999999780e-01 7.701837270000000402e-01 8.455621500000000124e-01 2.396144560000000034e-01 1.658943280000000076e-01 7.392771609999999605e-01 -7.096472609999999737e-01 9.662467229999999185e-01 8.406097409999999659e-01 -3.425651660000000320e-01 -2.714437319999999862e-02 2.038408310000000279e-01 3.507836229999999889e-01 -2.994564239999999988e-01 1.630572339999999953e-01 -5.969182039999999523e-01 6.461534720000000620e-01 7.130674350000000272e-01 -2.584768339999999887e-01 3.581422610000000173e-01 -5.199931639999999522e-01 4.700041050000000054e-01 2.209749890000000175e-02 5.812511519999999932e-01 5.021474460000000528e-01 -2.416110469999999955e-01 7.209743229999999725e-01 -2.578652679999999808e-01 8.526328959999999180e-01 3.713540639999999837e-01 5.348067979999999721e-01 -3.076563720000000113e-01 4.487008359999999918e-01 9.486489999999999645e-01 -8.667770529999999640e-01 8.381584399999999491e-01 -5.466334160000000386e-01 -2.202452450000000062e-01 6.280857600000000485e-01 2.553757229999999989e-01 8.789305950000000367e-01 -2.348235389999999978e-01 -7.143543150000000175e-01 3.510405819999999621e-02 3.837699609999999928e-01 1.478620710000000046e-02 -2.092100600000000241e-02 3.751461920000000450e-01 -2.376503719999999986e-01 3.199868220000000041e-01 3.307735380000000336e-01 1.163484269999999904e-01 7.332986509999999125e-01 -2.609684019999999882e-02 2.150653760000000025e-01 -7.688380359999998914e-01 2.365079289999999779e-01 -6.287884420000000585e-01 -5.907358179999999681e-01 7.797252449999999557e-01 5.546379120000000107e-01 9.898919559999999063e-01 7.093827919999999843e-01 5.778995359999999915e-01 2.814435510000000140e-01 1.819611889999999954e-01 -5.140963540000000054e-02 1.852070170000000016e-01 -2.547374439999999796e-02 4.245347560000000131e-01 5.720417010000000690e-01 1.588742360000000020e-01 7.640008870000000174e-01 6.965516170000000118e-01 3.929692720000000361e-01 9.215614320000000692e-01 5.292702120000000038e-02 7.044257870000000255e-01 -1.230508080000000115e-01
7.786361059999999945e-01 2.922246860000000113e-01 7.204097859999999964e-02 6.043849100000000529e-01 0.000000000000000000e+00 4.459119699999999908e-01 9.458937070000000835e-01 5.594648529999999287e-01 6.428565170000000162e-01 6.033689329999999407e-01 6.583129819999999910e-01 2.372326510000000166e-01 -3.806802770000000113e-01 9.907746149999999696e-01 8.661902229999999259e-01 2.679510480000000042e-02 6.081954680000000169e-01 9.136297409999999397e-01 -5.141625250000000369e-01 8.634456190000000531e-01 -3.058682910000000144e-01 -9.068553830000000149e-01 7.496245200000000164e-01 3.773401079999999519e-01 1.747606800000000016e-01 7.183680090000000851e-01 5.464221350000000310e-01 9.278908640000000929e-01 3.702249429999999730e-01 -4.053686679999999876e-01 -2.675478530000000021e-01 -4.533995369999999775e-02 8.024776990000000998e-01 7.691547530000000243e-01 7.874610759999999265e-01 6.533067359999999990e-01 7.398298129999999473e-01 6.773367929999999371e-01 -2.769440200000000130e-01 2.505856890000000003e-01 4.603886710000000271e-01 -1.726554530000000143e-01 8.076357990000000431e-01 -2.972079550000000236e-01 8.629174009999999173e-01 2.732753150000000186e-01 9.041778509999999214e-01 7.806487309999999846e-01 8.761389699999999614e-01 9.000688920000000648e-01 1.138288419999999856e-01 4.735442499999999999e-01 8.682216809999999674e-01 5.411661129999999487e-01 -7.992552090000000220e-01 5.279451659999999658e-01 3.501694579999999890e-01 -8.383479950000000125e-01 8.829617720000000336e-01 -4.909862389999999910e-01 9.412904879999999253e-01 8.127081170000000077e-01 6.015160139999999878e-01 9.585833909999998959e-01 -9.940146699999999891e-01 8.866163750000000121e-01 3.184534150000000174e-01 7.819627479999999853e-01 5.484834769999999970e-01 -6.466704720000000517e-01 7.200639420000000124e-01 5.530698010000000275e-01 2.119296210000000125e-01 4.584965189999999913e-01 2.793513630000000192e-01 5.387256350000000360e-01 8.706591599999999320e-02 5.671931749999999939e-01 -3.383365489999999864e-01 9.140982040000000808e-01 1.655295119999999898e-01 2.440006989999999876e-01 -6.116819599999999413e-02 8.580963709999999134e-01 6.328946699999999925e-01 -7.397348429999999198e-01 -7.819414470000000117e-01 8.020808329999999930e-01 9.596267680000000189e-01 -2.586736169999999668e-01 5.247720060000000686e-01 5.986558279999999455e-01 3.175009220000000187e-01 7.104246240000000601e-01 5.562081190000000008e-01 6.834840959999999299e-01 7.003487120000000399e-01 -7.304481910000000522e-02 6.770887690000000347e-01 -8.869830790000000631e-01 7.255079290000000514e-01 -1.008270390000000002e-02 -1.993758110000000139e-01 8.381492390000000459e-01 7.344425209999999593e-01 6.972996579999999334e-01 6.948694180000000165e-01 4.607945029999999664e-01 -1.452067509999999950e-01 4.964060020000000129e-01 -6.584093650000000242e-01 7.503134129999999846e-01 4.881394620000000240e-01 -6.147834039999999778e-02 8.980081429999999809e-01 3.807500320000000160e-01 9.114961270000000448e-01 8.433801990000000526e-01 3.933476420000000529e-01 7.654876590000000425e-01 5.771583649999999510e-01 6.536155510000000168e-01 4.004208790000000073e-01
8.916153309999998999e-01 8.207799300000000464e-01 8.289170430000000200e-01 -4.325339629999999658e-01 4.459119699999999908e-01 0.000000000000000000e+00 2.263917400000000080e-01 4.963430060000000310e-01 7.256002609999999686e-01 1.789248860000000052e-01 -4.500934350000000391e-04 3.553892450000000203e-01 -2.728004969999999751e-01 3.254050549999999986e-01 4.659190659999999928e-01 -2.370181380000000171e-01 1.523340029999999956e-01 1.159652310000000019e-01 5.304354159999999929e-01 -6.139460769999999235e-02 -6.765278390000000197e-01 -2.737783950000000077e-02 5.917010750000000208e-01 5.921075649999999468e-01 3.679469429999999708e-01 2.998642750000000134e-01 7.208038329999999494e-01 1.966609119999999933e-01 9.748903179999999224e-01 -1.374988500000000058e-01 2.195341860000000200e-01 -8.322761200000000636e-02 6.046655699999999856e-01 5.679891350000000338e-01 6.017049039999999849e-01 4.197145710000000363e-01 -2.515015120000000173e-02 -1.173748959999999925e-01 6.594909129999999564e-01 6.520434520000000234e-01 7.346524059999999245e-01 -4.453773079999999718e-01 7.365079279999999784e-01 -8.022130679999999181e-01 6.725719890000000367e-01 -4.545960700000000188e-01 1.043779369999999901e-01 6.917576140000000207e-01 8.172385800000000478e-01 1.287660320000000025e-01 8.835214700000000310e-01 -5.069042539999999430e-01 -9.075898780000000998e-03 9.860107700000000364e-01 -8.895027599999999479e-01 4.943222509999999903e-01 1.467795980000000111e-01 -6.782817629999999820e-01 8.135556449999999939e-01 2.364425719999999898e-01 3.850777860000000330e-01 3.659947720000000099e-02 9.296586820000000140e-01 6.621556800000000242e-01 -5.261935970000000129e-01 5.396638169999999901e-01 4.754909029999999648e-01 3.240490429999999811e-01 -7.112418500000000643e-02 -5.695466430000000191e-01 9.829315150000000889e-02 9.606793300000000535e-01 -7.630811979999999606e-01 -3.813171330000000164e-02 -4.126517499999999838e-01 9.845008200000000542e-01 -2.636734169999999655e-01 -4.668522489999999969e-01 5.124027389999999960e-01 1.213474059999999910e-01 7.010992569999999757e-01 3.815590400000000160e-01 -6.769218359999998880e-01 7.355341420000000019e-01 -1.946734880000000056e-01 -4.675792939999999787e-01 -1.667968200000000123e-01 8.856699920000000725e-01 6.235935489999999692e-01 -1.567002289999999964e-01 7.238452229999999821e-01 3.779879989999999634e-01 7.391971590000000480e-01 5.461841779999999646e-01 3.845039320000000482e-01 7.315874249999999579e-01 6.338268560000000218e-02 1.040671180000000140e-01 6.257321110000000353e-01 -8.189939549999999957e-02 6.474041510000000388e-01 7.822011440000000704e-01 5.540632020000000324e-01 4.982597999999999541e-03 1.006643269999999979e-01 -3.285374649999999730e-01 8.722099580000000629e-02 -2.519638849999999985e-01 -6.104096799999999545e-01 4.862777270000000485e-01 -5.803899229999999188e-01 7.206499959999999039e-01 6.938059920000000380e-01 -6.657081790000000110e-01 4.368887720000000363e-01 3.931348429999999561e-01 2.198131739999999723e-01 2.453650110000000217e-01 1.448206290000000063e-01 -1.212053649999999955e-01 6.988731649999999629e-01 5.127888709999999656e-02 7.069647970000000337e-01
5.667097760000000539e-01 2.437163569999999946e-01 -2.341772520000000024e-01 7.764627490000000076e-01 9.458937070000000835e-01 2.263917400000000080e-01 0.000000000000000000e+00 6.566245729999999892e-01 6.422817560000000370e-01 7.826134679999999788e-01 8.569928869999999810e-01 3.869177920000000381e-01 -5.552123920000000545e-01 9.747146520000000702e-01 9.179374370000000782e-01 -1.444361819999999963e-01 7.921530690000000430e-01 9.937173959999999751e-01 -7.012631670000000206e-01 9.074549330000000191e-01 -3.343701680000000231e-01 -9.532133729999999749e-01 7.893840479999999493e-01 4.446087970000000555e-01 3.177778940000000052e-01 8.514047729999999481e-01 5.555560649999999878e-01 9.986145640000000379e-01 2.032760739999999733e-01 -6.131351670000000365e-01 -5.484231079999999370e-01 -2.667409860000000132e-01 8.258859620000000845e-01 8.137082420000000260e-01 8.155701390000000828e-01 7.651033209999998919e-01 6.559364380000000105e-01 8.791287990000000718e-01 -5.483690089999999628e-01 -7.643954540000000297e-02 4.653026650000000042e-01 -2.882959280000000346e-01 7.713905949999999567e-01 -2.602053400000000072e-01 8.396340859999998907e-01 5.706121069999999795e-01 9.921065740000000188e-01 7.729799729999999869e-01 7.421315640000000213e-01 8.430310659999999956e-01 -1.790860969999999996e-01 7.103260059999999543e-01 8.640757749999999904e-01 3.009341289999999947e-01 -6.452802639999999368e-01 6.279283639999999611e-01 5.583583670000000776e-01 -8.210036779999999590e-01 7.281526350000000480e-01 -4.057145309999999894e-01 9.793231820000000143e-01 7.389655709999999322e-01 3.347991949999999939e-01 8.227899890000001104e-01 -9.061144930000000208e-01 9.075157919999999878e-01 4.291412479999999752e-01 8.951547770000000126e-01 4.138016229999999518e-01 -7.099656650000000235e-01 8.909369249999999907e-01 4.066549060000000382e-01 3.633716359999999979e-01 2.896695200000000137e-01 2.153318669999999824e-01 3.605724760000000306e-01 3.811011659999999912e-01 6.693425720000000245e-01 -6.210347189999999573e-01 9.942990870000000259e-01 -1.629872709999999891e-01 -5.673956940000000199e-02 2.650698739999999831e-01 8.045756409999998970e-01 8.498178749999999448e-01 -5.088624299999999767e-01 -9.254624309999999188e-01 6.522676389999999547e-01 8.174943009999999788e-01 -2.963311519999999814e-03 5.334363690000000213e-01 7.291565259999999160e-01 3.162183519999999803e-01 7.733891390000000587e-01 6.889439870000000354e-01 6.750903440000000089e-01 8.809808799999999662e-01 1.341848989999999964e-01 7.153235359999999821e-01 -8.432618670000000538e-01 7.477947750000000227e-01 -8.692311009999999227e-02 -1.853936929999999983e-01 7.969232699999999614e-01 5.988862010000000069e-01 8.294455740000000743e-01 8.735535059999999241e-01 3.732365689999999625e-01 -1.913473939999999762e-01 6.008461259999999804e-01 -3.893427250000000006e-01 7.358252459999999884e-01 5.117079540000000204e-01 -7.012773259999999231e-02 9.456988479999999253e-01 5.194225089999999767e-01 9.928083500000000061e-01 9.537618559999999635e-01 6.000831580000000054e-01 9.289153720000000725e-01 5.944919989999999377e-01 8.467114430000000080e-01 4.181238610000000411e-01
4.828369100000000080e-01 8.180763859999999887e-01 -6.578017910000000246e-02 2.310758660000000186e-01 5.594648529999999287e-01 4.963430060000000310e-01 6.566245729999999892e-01 0.000000000000000000e+00 9.548375780000000201e-01 9.281157329999999428e-01 8.071004979999999440e-01 9.369857029999999476e-01 -9.618757020000000546e-01 5.482628720000000122e-01 8.934935059999999929e-01 -8.122077809999999065e-01 9.153305559999999064e-01 6.116266790000000064e-01 -1.500535400000000130e-01 2.864211460000000153e-01 -9.131468109999999472e-01 -4.025118039999999731e-01 9.646425359999999394e-01 9.637670329999999952e-01 9.138650429999999325e-01 9.390454679999999943e-01 9.576175940000000164e-01 6.735639199999999827e-01 6.213541049999999899e-01 -9.269795299999999960e-01 -7.378401309999998992e-01 -8.236560130000000202e-01 9.385981300000000305e-01 9.588837070000000296e-01 9.469738819999999890e-01 9.861059459999999000e-01 -1.202439500000000022e-01 6.930022659999999224e-01 -2.244420060000000272e-01 -2.848863010000000084e-01 9.381377600000000427e-01 -9.095602820000000532e-01 8.909511249999999549e-01 -8.362895719999999811e-01 8.761791949999999662e-01 5.337482359999999870e-01 6.220769829999999168e-01 9.280795400000000361e-01 6.783565299999999576e-01 1.759625200000000111e-01 4.792107099999999564e-02 3.278283479999999916e-01 1.884661470000000005e-01 4.367446409999999890e-01 -6.742244690000001039e-01 9.992703499999999739e-01 9.251077759999999373e-01 -8.958107509999999607e-01 6.082351990000000042e-01 4.183723870000000122e-01 7.780720479999999606e-01 -1.340769830000000055e-03 3.031357080000000037e-01 5.217361729999999698e-01 -5.364621010000000245e-01 8.793259529999999380e-01 9.622217479999999323e-01 9.166162940000001091e-01 -3.829928650000000157e-01 -9.917175340000000672e-01 8.404762090000000851e-01 7.171864350000000110e-01 -2.962573530000000011e-01 -4.797699129999999923e-01 -5.950655990000000006e-01 6.366050349999999858e-01 6.879738129999999341e-01 -4.350781019999999666e-02 -4.382559950000000093e-01 6.180419739999999384e-01 -2.564386169999999798e-01 -4.990433249999999821e-01 3.011467800000000028e-01 8.459504500000000204e-01 6.462182979999999688e-01 5.572182099999999777e-02 -8.420337159999999876e-01 6.842399300000000517e-01 4.588482970000000161e-01 5.966903370000000706e-01 9.541553090000000070e-01 9.876702600000000221e-01 8.880871200000000076e-01 9.804556030000000089e-01 9.917663759999999495e-01 9.458979069999999822e-01 8.289589920000000056e-01 7.715829890000001079e-01 9.794784279999999566e-01 -1.644681580000000032e-01 9.632622479999999321e-01 6.095035490000000333e-01 6.075404179999999155e-01 7.589180269999999673e-02 -1.510933899999999941e-01 2.383726850000000008e-01 8.475533270000000785e-01 -4.502947620000000151e-01 -8.584764240000000157e-01 9.972147940000000155e-01 7.559141369999999860e-02 9.303157340000000053e-01 9.606282569999999854e-01 -7.769187140000000102e-01 8.560567070000000278e-01 9.777717929999999447e-01 7.295547170000000747e-01 8.357345159999999273e-01 9.287580790000000697e-01 5.853924099999999742e-01 9.676465829999999491e-01 8.447888869999999883e-01 9.346189809999999598e-01
7.080801659999998998e-01 8.987755800000000184e-01 2.181586169999999991e-01 8.616115019999999458e-02 6.428565170000000162e-01 7.256002609999999686e-01 6.422817560000000370e-01 9.548375780000000201e-01 0.000000000000000000e+00 8.039949199999999463e-01 6.606654820000000816e-01 8.368314809999999326e-01 -8.410710790000001102e-01 5.956091720000000755e-01 8.898310919999999902e-01 -6.841651640000000478e-01 7.863596899999999446e-01 5.709145260000000333e-01 1.305320429999999934e-02 2.660056089999999762e-01 -9.258802229999999467e-01 -3.849537539999999813e-01 9.737098969999999909e-01 9.430954999999999755e-01 8.183442979999999700e-01 8.597213309999999220e-01 9.927849629999999648e-01 6.441873479999999930e-01 8.056641159999999857e-01 -7.740528049999999549e-01 -5.077374029999999205e-01 -6.500297769999999753e-01 9.624693749999999604e-01 9.634619729999999160e-01 9.666261470000000466e-01 9.277536579999999811e-01 -3.868398709999999741e-02 5.393690030000000135e-01 1.698967809999999898e-02 1.176146580000000073e-02 9.755425349999999884e-01 -8.393940059999999148e-01 9.686656109999999265e-01 -9.070243729999999394e-01 9.418144179999999865e-01 2.802964139999999937e-01 5.743575730000000101e-01 9.802994420000000764e-01 8.396565529999999722e-01 2.458809410000000195e-01 3.243830530000000323e-01 1.249325209999999908e-01 2.091756789999999755e-01 6.840108259999999607e-01 -8.531615229999999217e-01 9.511028540000000531e-01 7.711149590000000442e-01 -9.564119949999999593e-01 7.862549109999998898e-01 3.499812210000000090e-01 7.834688370000000290e-01 7.622619230000000912e-02 5.705007600000000512e-01 6.794187009999999027e-01 -6.504169749999999528e-01 9.041122059999999738e-01 9.003339159999999008e-01 8.556150099999999536e-01 -2.664753599999999945e-01 -9.787745700000000104e-01 7.219751720000000539e-01 8.880957720000000055e-01 -4.469667420000000280e-01 -3.361813799999999741e-01 -5.557685020000000531e-01 8.337977600000000544e-01 4.416682539999999824e-01 -1.344007140000000045e-01 -1.954029899999999986e-01 5.774822689999999925e-01 4.180145870000000208e-02 -2.354419460000000131e-01 7.927263809999999730e-03 9.385577120000000440e-01 4.761383160000000059e-01 -1.655379720000000054e-01 -7.497885380000000044e-01 8.597190209999999722e-01 6.199771139999999958e-01 3.788018410000000280e-01 9.893897229999999432e-01 9.113334670000000637e-01 9.277520280000000064e-01 9.680678029999999490e-01 9.130454309999999074e-01 9.984443570000000046e-01 7.006831279999999884e-01 6.078443850000000426e-01 9.897678740000001030e-01 -2.213648110000000224e-01 9.883187929999999177e-01 7.051392570000000193e-01 6.162951190000000024e-01 1.264372319999999827e-01 -2.259840999999999933e-02 1.320156569999999807e-01 7.217693769999999898e-01 -3.813563770000000241e-01 -8.508528370000000285e-01 9.444654390000000177e-01 -1.796451069999999983e-01 9.886587990000000881e-01 9.818130209999998970e-01 -8.001567229999999586e-01 8.550478609999999646e-01 8.910579290000000263e-01 6.923280359999999245e-01 7.748311009999999666e-01 7.767333340000001085e-01 4.642702109999999882e-01 9.958908520000000486e-01 7.050002940000000828e-01 9.593009519999999846e-01
2.865653659999999880e-01 5.458183469999999815e-01 -4.020309249999999834e-01 5.542332570000000347e-01 6.033689329999999407e-01 1.789248860000000052e-01 7.826134679999999788e-01 9.281157329999999428e-01 8.039949199999999463e-01 0.000000000000000000e+00 9.660771990000001086e-01 8.512135809999998859e-01 -9.439233559999999912e-01 6.410817720000000497e-01 9.026613379999999243e-01 -7.153921300000000150e-01 9.994367890000001031e-01 7.766285320000000381e-01 -4.933531579999999583e-01 5.113917740000000212e-01 -7.063431869999999835e-01 -6.010421740000000401e-01 8.949084880000000020e-01 8.095793869999999837e-01 8.083428440000000048e-01 9.857710829999999369e-01 7.870150740000000367e-01 8.082993899999999510e-01 2.989722559999999918e-01 -9.716102749999999677e-01 -9.004958450000000170e-01 -8.085704809999999521e-01 8.750110479999999580e-01 9.035632959999999603e-01 8.813454109999999675e-01 9.678138709999999367e-01 5.644161900000000537e-02 9.045226579999999794e-01 -5.697115360000000184e-01 -5.083151460000000510e-01 7.419480409999998916e-01 -7.706508509999999701e-01 7.720058659999999850e-01 -5.732591020000000759e-01 7.967007480000000141e-01 7.949815449999999561e-01 7.899830159999999823e-01 8.224652759999999674e-01 5.380852130000000066e-01 3.271890130000000285e-01 -3.006663450000000015e-01 6.540997259999999924e-01 3.911300570000000310e-01 1.461033999999999944e-01 -4.858334400000000053e-01 9.210999699999999901e-01 9.532825340000000702e-01 -8.085853750000000506e-01 4.702224079999999806e-01 2.119592150000000064e-01 8.371485390000000804e-01 1.670765859999999992e-01 4.845176469999999680e-02 4.640426440000000041e-01 -5.446643460000000214e-01 8.616514220000000002e-01 8.441735729999999549e-01 9.672026320000000066e-01 -2.332913430000000121e-01 -9.084080059999999346e-01 9.719319079999999555e-01 4.433840760000000158e-01 7.195252080000000272e-02 -3.656101179999999840e-01 -3.639203510000000308e-01 3.484713589999999805e-01 8.279029840000000640e-01 2.824705299999999975e-01 -7.375917190000000900e-01 7.809435270000000262e-01 -5.195939470000000560e-01 -6.117714520000000489e-01 5.782065640000000339e-01 7.382959970000000371e-01 8.799151109999999720e-01 8.737289139999999954e-02 -9.584444699999999928e-01 4.982362279999999477e-01 4.169940579999999453e-01 6.118573059999999897e-01 7.773194909999999735e-01 9.747335249999999895e-01 6.570187859999999658e-01 9.213553440000000760e-01 9.665056149999999846e-01 8.016027879999999550e-01 9.706272400000000022e-01 7.202259779999999889e-01 8.790632179999999796e-01 -3.324818720000000116e-01 8.644141229999999787e-01 2.826617690000000072e-01 3.346396910000000169e-01 2.644199269999999991e-01 -2.939172309999999941e-02 5.385183650000000544e-01 9.780902590000000174e-01 -2.445155439999999736e-01 -6.427017059999999837e-01 9.152941100000000496e-01 1.737645360000000250e-01 8.056009600000000326e-01 7.883261679999999938e-01 -5.177373279999999411e-01 8.842930869999999777e-01 9.089622070000000775e-01 8.514318470000000749e-01 9.326348949999999638e-01 9.675821729999999343e-01 8.171896159999999520e-01 8.134294940000000862e-01 9.812066109999999508e-01 7.365619249999999507e-01
2.083545780000000125e-01 3.218508010000000197e-01 -5.496525839999999441e-01 7.501844549999999723e-01 6.583129819999999910e-01 -4.500934350000000391e-04 8.569928869999999810e-01 8.071004979999999440e-01 6.606654820000000816e-01 9.660771990000001086e-01 0.000000000000000000e+00 6.948507200000000328e-01 -8.342217279999999402e-01 7.207964390000000110e-01 8.740302930000000137e-01 -5.413174250000000187e-01 9.740584609999999310e-01 8.732896100000000494e-01 -7.008824740000000331e-01 6.810354709999999478e-01 -5.019102920000000356e-01 -7.451563270000000072e-01 8.027607729999999275e-01 6.319020370000000275e-01 6.383537420000000573e-01 9.513393759999999588e-01 6.221203330000000253e-01 8.823070279999999377e-01 8.926585060000000182e-02 -9.010249449999999660e-01 -9.006050940000001059e-01 -6.816472840000000755e-01 7.960856240000000472e-01 8.217134919999999898e-01 7.983696840000000794e-01 8.864540490000000217e-01 2.492718060000000124e-01 9.839369629999999978e-01 -7.389384640000000726e-01 -5.459261679999999339e-01 5.572107219999999916e-01 -5.845736590000000232e-01 6.735654059999999221e-01 -3.516776710000000250e-01 7.265195930000000191e-01 8.753900509999998913e-01 8.853791879999999281e-01 7.217974129999999988e-01 4.694151920000000366e-01 4.814689799999999908e-01 -4.666802820000000573e-01 8.214816059999999753e-01 5.651638119999999876e-01 2.312511430000000238e-04 -3.849448079999999717e-01 7.933695429999999549e-01 8.683363790000000471e-01 -7.287021690000000662e-01 4.141001559999999970e-01 -1.136179620000000133e-02 8.595273669999999866e-01 3.464058190000000037e-01 -5.228682469999999805e-02 4.696302920000000047e-01 -5.847526100000000060e-01 8.243195529999999271e-01 6.776306990000000585e-01 9.455839890000000691e-01 -3.655817899999999621e-02 -7.932983620000000347e-01 9.944916750000000194e-01 2.647343540000000051e-01 3.237476310000000357e-01 -1.823890999999999984e-01 -1.265871709999999983e-01 1.732612769999999913e-01 8.030387329999999491e-01 5.170376079999999819e-01 -8.589730090000000651e-01 8.756502130000000106e-01 -5.911797579999999996e-01 -5.630229239999999802e-01 6.622043120000000727e-01 6.582090400000000230e-01 9.721276259999999114e-01 7.242127370000001237e-03 -9.806408079999999750e-01 3.973425620000000102e-01 4.400593950000000198e-01 4.983871860000000376e-01 6.073148039999999304e-01 8.893307959999999790e-01 4.457709939999999760e-01 8.274365779999999226e-01 8.693838909999999087e-01 6.676581689999999680e-01 9.976497670000000761e-01 5.693031859999999611e-01 7.609495330000000113e-01 -4.952513179999999959e-01 7.552475959999999100e-01 2.765557490000000382e-02 8.423099349999998986e-02 4.449817670000000280e-01 1.403178530000000201e-01 7.329648199999999614e-01 9.961496269999999820e-01 -2.023382710000000070e-02 -4.231576629999999617e-01 7.822997159999999228e-01 1.330817230000000129e-01 6.915784420000000710e-01 6.152557789999999471e-01 -2.792284869999999697e-01 8.745105109999999904e-01 7.717383370000000520e-01 9.086673859999999658e-01 9.534009390000001138e-01 8.924400550000000099e-01 9.333335440000000149e-01 6.587368270000000248e-01 9.977200680000000155e-01 5.443566949999999460e-01
2.108224489999999951e-01 8.104637690000000561e-01 -1.532796810000000010e-01 5.475127870000000285e-02 2.372326510000000166e-01 3.553892450000000203e-01 3.869177920000000381e-01 9.369857029999999476e-01 8.368314809999999326e-01 8.512135809999998859e-01 6.948507200000000328e-01 0.000000000000000000e+00 -9.762218870000000104e-01 2.342898110000000145e-01 6.878923159999998926e-01 -9.647064520000000476e-01 8.355119129999999394e-01 3.524930229999999609e-01 -1.701913079999999999e-04 -4.591897259999999995e-03 -9.261151020000000234e-01 -1.111660839999999983e-01 8.127568670000000495e-01 9.621631929999999722e-01 9.970289479999999704e-01 8.110564129999999761e-01 8.793837209999999516e-01 4.160059959999999890e-01 5.362032039999999888e-01 -9.321804879999999738e-01 -7.824498290000000411e-01 -9.576864859999999480e-01 7.596699059999999504e-01 7.993182959999999282e-01 7.758749959999999835e-01 8.867528409999999583e-01 -4.407939889999999972e-01 5.577873110000000079e-01 -1.917521019999999798e-01 -4.765217160000000396e-01 8.901990720000000357e-01 -9.884721720000000378e-01 6.935662299999999503e-01 -8.311604929999999447e-01 6.571716160000000695e-01 5.501513689999999457e-01 3.693959560000000253e-01 7.511528000000000649e-01 4.083057629999999882e-01 -1.614200519999999806e-01 -3.782110610000000150e-02 2.269382620000000017e-01 -1.260377010000000020e-01 2.467071580000000097e-01 -4.304645699999999908e-01 9.489685040000001015e-01 9.517493370000000841e-01 -6.901589870000000015e-01 3.222678539999999647e-01 6.834702820000000401e-01 5.245926199999999540e-01 -3.321036119999999925e-01 6.636148730000000773e-02 1.970939610000000120e-01 -2.078252889999999964e-01 6.586902920000000661e-01 9.905743779999999221e-01 7.573114790000000651e-01 -6.737316740000001136e-01 -8.878290349999999886e-01 7.041665690000000755e-01 5.771808950000000271e-01 -3.961667220000000267e-01 -7.544045079999999182e-01 -7.985496909999999504e-01 4.857236999999999805e-01 7.984698529999999517e-01 -2.552278330000000151e-01 -4.133622770000000557e-01 3.596438179999999485e-01 -4.109878499999999879e-01 -7.138676940000000526e-01 4.206974609999999948e-01 6.196485750000000348e-01 5.243260509999999597e-01 3.911901339999999672e-01 -6.772221699999999567e-01 4.414585349999999853e-01 1.239330169999999925e-01 8.236166109999999430e-01 8.838440540000001011e-01 9.130120890000000822e-01 8.881120519999999852e-01 8.499447669999999899e-01 9.346850450000000476e-01 8.094360959999999938e-01 7.003540050000000017e-01 9.423867519999999942e-01 8.578554750000000340e-01 1.672236240000000151e-01 8.177802009999999289e-01 6.864657679999999207e-01 7.732556840000001097e-01 -2.486874629999999975e-01 -4.823034199999999827e-01 2.013209820000000025e-02 7.233879259999999034e-01 -7.084144580000000246e-01 -9.296201270000000738e-01 9.597137709999999933e-01 3.882151759999999951e-01 7.644781590000000460e-01 9.080182109999999085e-01 -8.633035729999999353e-01 6.320667620000000042e-01 9.884634640000000694e-01 4.880125909999999956e-01 6.405445389999999684e-01 9.387517040000000756e-01 3.942536179999999724e-01 8.801137640000000761e-01 7.387587230000000060e-01 9.117790890000000426e-01
