0.000000000000000000e+00 1.646318140000000152e-01 8.883876529999999994e-01 5.023987619999999987e-01 5.755396900000000482e-01 8.437256419999999979e-01 2.443820200000000054e-01 3.419418670000000104e-01 -6.731970499999999635e-01 2.073095389999999871e-01 9.526146590000000858e-01 6.827898020000000567e-01 -7.771383670000000521e-01 4.514365670000000108e-01 1.149852919999999890e-01 -1.546857390000000165e-01 1.110146219999999934e-01 8.189019890000001078e-01 6.731114630000000210e-01 1.768922910000000071e-01 1.504802480000000109e-01 4.676919579999999632e-01 -4.665369620000000550e-01 7.592533099999999591e-01 -6.419795480000000110e-01 6.681993650000001006e-02 1.166968140000000098e-01 8.834041559999998849e-01 5.781462829999999276e-01 -7.701260549999999760e-02 -4.578891629999999879e-01 -4.882189149999999755e-01 -8.089354779999999856e-01 -9.075470900000000007e-01 -8.761990820000000735e-01 4.975576939999999948e-01 5.436595490000000197e-01 -4.388617479999999960e-01 8.498783720000000486e-01 -9.432803419999999939e-01 5.165380320000000358e-01 -2.694810149999999904e-01 9.178465690000000565e-01 -4.840162020000000065e-01 -2.295671110000000181e-01 2.297726800000000069e-01 2.131831650000000078e-01 -2.338924649999999938e-01 7.139927530000000910e-02 8.257262899999999739e-01 -3.415356360000000313e-01 6.145373109999999750e-01 -5.973137920000000101e-01 -3.226116450000000024e-01 6.511494020000000438e-01 6.754670140000000877e-01 6.702124929999999647e-01 5.290991510000000453e-01 8.903610720000000311e-01 8.864246740000000235e-01 3.511631829999999899e-01 1.781853119999999846e-01 8.681437870000000556e-01 5.771068400000000098e-01 9.307417270000000187e-01 3.082946730000000191e-01 9.020473590000001041e-01 4.095877649999999925e-01 -7.764209619999999645e-02 3.650985360000000290e-01 8.117800820000000694e-01 9.514281820000000112e-01 7.949191609999999297e-01 -2.920425000000000382e-01 3.050683200000000039e-01 -7.051375049999999978e-02 8.829819119999999799e-01 9.239157140000000545e-01 7.218695990000000284e-01 5.638717210000000479e-01 7.757989530000000133e-01 7.234778379999999842e-01 7.291428849999999351e-02 -2.313814109999999882e-02 7.809854320000000349e-01 3.312902239999999665e-01 8.128842950000000345e-01 2.658206869999999999e-01 3.945516150000000222e-01 -6.226225619999999905e-01 -1.099360350000000014e-01 -2.063750160000000222e-01 1.204734469999999974e-01 -4.483965010000000029e-01 -3.697624279999999763e-01 -5.318394650000000112e-01 -1.085705760000000020e-01 7.174924870000000121e-01 -5.982766649999999853e-01 7.303469309999999215e-01 5.330357759999999889e-02 3.904023309999999913e-01 9.382077529999999221e-01 1.023264609999999936e-01 2.097501870000000046e-01 6.254797650000000486e-02 4.910503229999999553e-01 -5.248929700000000420e-02 3.346768310000000080e-01 -1.175946480000000099e-01 9.472187020000000235e-01 2.281088389999999799e-01 -7.192103860000000071e-02 5.869274439999999649e-01 3.395323870000000466e-01 -6.698021910000000467e-01 5.372196350000000287e-01 7.410476950000000063e-01 8.123013920000000665e-01 4.248595059999999979e-01 2.293385669999999932e-01 2.932445029999999897e-01 -2.831534549999999983e-01
1.646318140000000152e-01 0.000000000000000000e+00 1.953842369999999884e-01 4.377707960000000176e-01 6.491100530000000479e-02 -1.096842630000000041e-01 -1.783962719999999946e-01 9.329264859999999437e-01 -5.607375340000000374e-01 9.715418340000000486e-01 4.398076820000000331e-01 7.864816079999999987e-01 -3.160627480000000045e-01 7.122474709999999654e-01 9.398100590000000309e-01 3.008342529999999751e-02 9.412748779999999815e-01 6.188783540000000194e-01 6.555807710000000066e-01 2.229911010000000249e-01 1.206202960000000018e-01 -3.145126830000000151e-01 1.078658730000000010e-01 7.393534259999999803e-01 4.650418070000000292e-01 3.165088580000000040e-01 -3.311298469999999772e-01 1.751114930000000069e-01 1.174170600000000037e-01 4.646466450000000248e-01 3.435663600000000151e-01 4.148998879999999945e-01 3.214071940000000072e-01 1.824777049999999901e-01 2.415983839999999716e-01 1.373555090000000145e-01 6.359156169999999886e-01 2.092431839999999987e-01 4.574234389999999872e-01 -1.856278460000000130e-01 -2.726541880000000195e-01 7.728247200000000205e-01 -1.550980490000000156e-01 5.309660229999999537e-01 8.130761440000000562e-01 8.939132609999999035e-01 7.883636969999999744e-01 7.661256009999999339e-01 7.748651459999998936e-01 3.388016649999999741e-01 -5.116053249999999997e-01 2.764936430000000112e-01 3.909551079999999956e-01 2.800237839999999978e-01 -3.910245579999999804e-02 5.092432300000000467e-01 5.681485499999999744e-01 -2.650723819999999953e-01 -1.975858849999999889e-01 5.318091169999999979e-01 8.860083129999999363e-01 1.560822639999999983e-01 1.924174200000000057e-01 8.899606700000000092e-01 3.525527080000000202e-02 -3.253336110000000225e-01 7.213156099999999682e-02 -1.217642509999999900e-01 -2.023401389999999744e-01 2.301372969999999907e-01 6.925063479999999938e-01 4.662730740000000512e-02 3.694286549999999947e-01 1.165639849999999950e-01 -3.810172079999999961e-01 3.717732729999999597e-01 4.282512350000000079e-01 -1.465114139999999961e-02 6.911019820000000591e-01 -8.402876849999998954e-02 1.994453370000000003e-01 -1.324179390000000123e-01 3.764027950000000122e-01 7.259261479999999933e-01 -3.187121610000000216e-02 -6.597072429999999155e-02 -1.063544519999999882e-01 -3.201871069999999708e-01 -2.310849930000000163e-01 -2.596001930000000346e-01 3.525811670000000286e-01 4.918780879999999911e-01 9.459782070000000154e-01 4.709070039999999624e-01 6.052457920000000602e-01 -1.363659670000000046e-01 8.043592809999999815e-01 6.326624749999999464e-01 3.402648850000000169e-01 8.976148380000001370e-02 2.682362710000000261e-01 4.629285629999999596e-01 -5.210175009999999662e-02 5.425673819999999870e-01 -6.371843080000000326e-02 6.153639000000000331e-02 7.582261700000000326e-01 -1.933256389999999936e-01 -2.047677839999999805e-01 9.519241079999999355e-01 4.383419770000000493e-01 1.843824319999999919e-02 6.583509560000000427e-01 4.357082689999999814e-01 5.035828989999999727e-01 9.579323580000000116e-02 5.595161570000000140e-01 -4.216484480000000368e-02 5.493804070000000150e-01 3.669152840000000082e-01 9.869451529999999639e-01 8.966396899999999892e-01 2.528450529999999863e-01
8.883876529999999994e-01 1.953842369999999884e-01 0.000000000000000000e+00 8.131724959999999669e-01 8.801745349999999801e-01 9.367024680000000103e-01 6.363752759999999897e-01 2.101159870000000041e-01 -3.824946140000000105e-01 1.283343269999999980e-01 8.193442559999999375e-01 5.603004329999999866e-01 -5.001185900000000295e-01 7.012534649999999647e-01 1.417613110000000010e-01 3.150175350000000152e-01 2.149588489999999796e-01 6.185151420000000178e-01 8.374178380000000255e-01 5.523885579999999740e-01 5.288804639999999946e-01 7.469658509999999030e-01 -2.763440859999999888e-01 7.865634440000001115e-01 -3.207406309999999983e-01 -2.984514699999999965e-01 -2.836952750000000245e-01 9.642177379999999909e-01 6.573066329999999180e-01 -1.937161880000000114e-01 -2.404652660000000108e-01 -4.175592699999999824e-01 -7.342506770000000182e-01 -8.032278309999999477e-01 -6.618642889999999390e-01 7.217551369999999911e-02 6.541544129999999901e-01 -4.241822439999999861e-01 9.367362340000000565e-01 -6.910541590000001122e-01 1.225449730000000015e-01 -6.956847519999999341e-02 7.851952829999999661e-01 -4.757928889999999966e-01 -2.320150950000000045e-01 1.046555299999999966e-01 5.047322619999999871e-01 -1.222024810000000017e-01 3.821406779999999559e-01 8.981489150000000476e-01 4.553422459999999922e-02 9.038665809999999468e-01 -2.607111289999999859e-01 1.337584460000000031e-01 6.640095220000000742e-01 9.017708440000000714e-01 8.762493700000000274e-01 5.758059429999999868e-01 9.045813369999999853e-01 6.962234390000000550e-01 2.546149429999999825e-01 5.791004260000000015e-01 9.751950040000000319e-01 5.864804000000000128e-01 8.088183709999999804e-01 -1.386994669999999930e-01 7.968983259999999902e-01 -5.242193039999999693e-02 3.611529739999999600e-01 6.655672739999999310e-01 7.767617859999998986e-01 8.119276749999999598e-01 7.316470979999999402e-01 1.786389480000000196e-01 6.348370289999999416e-01 -3.753008320000000286e-01 7.605388509999999602e-01 8.047928390000000931e-01 8.396872779999999814e-01 6.757121770000000804e-01 9.786618270000000397e-01 8.893107109999999205e-01 4.951337699999999731e-01 6.273385310000000048e-02 8.770316690000000692e-01 6.604817979999999533e-01 8.379361190000000903e-01 3.430167170000000126e-02 7.089297440000000838e-01 -2.169073250000000119e-01 -4.413378399999999813e-01 -5.268030900000000294e-01 1.268945269999999792e-01 -6.448369589999999318e-01 -5.710802970000000700e-01 -8.167714729999999701e-01 -2.462742910000000063e-01 8.342867400000000266e-01 -6.925956690000000249e-01 9.550263729999999285e-01 -3.424530860000000176e-01 6.853453000000000461e-01 8.771448359999999278e-01 4.818366490000000057e-01 5.717868200000000289e-01 4.824865229999999450e-01 5.788106100000000032e-01 3.890993910000000167e-01 6.862656159999999117e-01 -4.477625920000000148e-02 7.899579469999999937e-01 -2.073514389999999985e-01 4.923817490000000074e-02 8.322780809999998919e-01 1.520194259999999853e-01 -4.653566490000000111e-01 6.069354270000000273e-01 9.366944070000000622e-01 8.508145470000000321e-01 7.398697979999999674e-01 2.350341089999999911e-01 4.261340379999999928e-01 -6.390950920000000313e-01
5.023987619999999987e-01 4.377707960000000176e-01 8.131724959999999669e-01 0.000000000000000000e+00 8.811310199999999870e-01 6.343707299999999938e-01 7.723255999999999455e-01 2.527964589999999734e-01 -1.503216309999999833e-01 2.829333619999999661e-01 5.044891689999999596e-01 4.891206989999999921e-01 -1.994660060000000013e-01 8.752350390000001035e-01 4.443564540000000118e-01 6.870632349999999944e-01 5.639425559999999837e-01 3.747131949999999989e-01 8.623338950000000169e-01 8.905562670000000125e-01 8.534945940000000508e-01 7.129205990000000437e-01 1.983487019999999879e-01 7.530668620000000590e-01 2.808569929999999992e-01 -3.922387970000000279e-01 -6.058004000000000167e-01 7.054029340000000925e-01 6.753259140000000826e-01 -2.626668209999999948e-01 2.966031310000000198e-01 5.128467839999999861e-02 -2.400942610000000033e-01 -4.035017850000000017e-01 -1.030312180000000077e-01 -4.066515600000000230e-01 8.131048229999999766e-01 -4.426902540000000191e-02 7.827509590000000239e-01 -2.469788470000000014e-01 -3.420406220000000164e-01 4.518211289999999880e-01 2.797784939999999887e-01 -2.576464089999999652e-01 1.536289829999999967e-01 1.320556790000000091e-01 8.550129140000000127e-01 3.465957920000000136e-01 7.581773550000000528e-01 6.738554100000000435e-01 2.994927940000000066e-01 9.713612059999999770e-01 2.290017669999999950e-01 6.363031449999999589e-01 2.983475339999999698e-01 9.588671850000000108e-01 9.120167159999998940e-01 2.123301730000000109e-01 5.308496299999999612e-01 3.918290910000000182e-01 3.771192400000000222e-01 8.952810259999999243e-01 8.321919620000000073e-01 6.564378339999999978e-01 3.412311199999999989e-01 -6.647259439999999575e-01 5.020236519999999869e-01 -5.508828810000000464e-01 6.594677320000000842e-01 7.014688740000000200e-01 6.342010370000000785e-01 3.400159339999999641e-01 4.071640739999999870e-01 6.348492319999999856e-01 6.337488100000000513e-01 -3.490020649999999724e-01 4.166143489999999949e-01 3.278574739999999821e-01 8.433256519999999812e-01 6.543520420000000781e-01 8.902448950000000361e-01 6.514782239999999947e-01 8.978674340000000198e-01 4.541649209999999992e-01 5.749515149999999686e-01 8.299470179999999253e-01 4.528562300000000262e-01 -1.611403869999999960e-01 7.689993349999999506e-01 1.816085339999999881e-01 -4.419059229999999783e-01 -5.085605859999999812e-01 2.954641700000000260e-01 -4.185723939999999588e-01 -3.683812300000000040e-01 -7.858588770000000112e-01 -1.224059350000000074e-02 8.839425570000000176e-01 -3.500429500000000194e-01 8.904927470000000289e-01 -4.829128179999999659e-01 9.563492000000000104e-01 4.410349700000000261e-01 9.014127440000000435e-01 8.082753940000000359e-01 8.266884100000000402e-01 7.634016700000000322e-01 6.323938300000000456e-01 7.091156559999999276e-01 2.901063730000000285e-01 4.695118579999999486e-01 -5.080377449999999850e-01 4.711108029999999669e-01 9.749110999999999194e-01 1.795226900000000125e-01 5.986509190000000730e-02 7.391707490000000158e-01 8.235672200000000442e-01 8.007375890000000274e-01 9.745814390000000493e-01 4.078563660000000257e-01 7.210434100000000512e-01 -6.669020230000000105e-01
5.755396900000000482e-01 6.491100530000000479e-02 8.801745349999999801e-01 8.811310199999999870e-01 0.000000000000000000e+00 8.658166409999998869e-01 9.080867500000000536e-01 -7.122382359999999968e-02 7.477023990000000730e-02 -9.788725489999999807e-02 4.706147520000000251e-01 2.113011919999999988e-01 -4.687743419999999828e-02 7.342737559999998886e-01 -6.876883129999999782e-03 7.133865220000000784e-01 1.309730189999999961e-01 2.138648210000000105e-01 7.631052429999999331e-01 7.365600190000000103e-01 7.311147440000000941e-01 8.887543959999999466e-01 -1.236227440000000066e-01 5.561029539999999827e-01 -7.678691579999999059e-03 -6.807532059999998886e-01 -6.228457029999999728e-01 8.487019290000000771e-01 5.132159929999999814e-01 -2.470406739999999879e-01 -8.675747439999999255e-02 -3.804318020000000411e-01 -5.821833199999999486e-01 -5.329705249999999728e-01 -3.612501589999999596e-01 -3.503886589999999912e-01 4.989793770000000572e-01 -4.286820339999999896e-01 7.937707349999999495e-01 -2.723122219999999927e-01 -2.903252709999999959e-01 9.853663920000000145e-03 5.349802449999999654e-01 -3.764097849999999967e-01 -3.251660460000000419e-01 -1.179885330000000065e-01 5.882601060000000048e-01 -1.292728290000000058e-01 5.293000049999999623e-01 7.820644599999999613e-01 4.713527920000000204e-01 9.617446079999999453e-01 1.089067930000000017e-01 5.212698310000000168e-01 6.132480949999999931e-01 8.759616449999999555e-01 8.423138970000000336e-01 6.042183760000000570e-01 7.612834459999999748e-01 3.060193239999999815e-01 -3.352940490000000384e-02 8.013026259999999068e-01 8.350962419999999886e-01 3.570870300000000275e-01 5.509008069999999924e-01 -4.988485920000000351e-01 4.796341639999999740e-01 -4.784602760000000177e-01 7.267101540000000526e-01 8.495148059999999557e-01 5.110287100000000526e-01 5.285397229999999613e-01 5.273920199999999614e-01 5.902901050000000094e-01 8.787134340000000154e-01 -6.966188490000000400e-01 4.664031160000000065e-01 5.563073360000000411e-01 7.056590590000000329e-01 5.895415579999999656e-01 9.549364620000000414e-01 9.137846229999999625e-01 7.433257909999999580e-01 -1.695250950000000076e-02 8.362394800000000350e-01 8.122994990000000914e-01 7.457613690000000073e-01 -2.384263729999999970e-01 8.720859209999999306e-01 2.714576819999999779e-01 -7.637048450000000210e-01 -8.049701000000000217e-01 2.352536259999999865e-02 -7.970923380000000114e-01 -7.438493200000000360e-01 -9.500954700000000530e-01 -4.608793570000000450e-01 6.751231629999999706e-01 -7.347372809999999088e-01 9.584351030000000105e-01 -7.307602870000000639e-01 7.359369119999999986e-01 6.663718400000000486e-01 6.656813759999999913e-01 7.735033390000000120e-01 7.544984529999999578e-01 4.083874000000000115e-01 7.770321140000000515e-01 9.353390640000001088e-01 -6.640795690000000917e-02 4.190773950000000192e-01 -6.319681990000000082e-01 1.093113379999999940e-02 8.160312929999999909e-01 -1.949024629999999980e-01 -2.433734289999999745e-01 4.200952579999999714e-01 9.249979309999999399e-01 6.158161650000000265e-01 8.161172559999999576e-01 8.688195840000000059e-02 3.304299410000000048e-01 -9.094835980000000042e-01
8.437256419999999979e-01 -1.096842630000000041e-01 9.367024680000000103e-01 6.343707299999999938e-01 8.658166409999998869e-01 0.000000000000000000e+00 6.661801419999999752e-01 -5.990195120000000456e-02 -1.777535060000000056e-01 -1.729798730000000062e-01 7.001570359999998994e-01 2.924019460000000237e-01 -3.414479260000000127e-01 5.079579470000000763e-01 -2.065993989999999891e-01 2.950569460000000421e-01 -1.295317290000000121e-01 4.292115270000000371e-01 6.614141410000000665e-01 3.845109460000000201e-01 3.882338389999999695e-01 7.991461009999999421e-01 -4.660820500000000255e-01 5.497097160000000704e-01 -5.009521920000000739e-01 -4.669912710000000411e-01 -2.487055910000000036e-01 9.553722430000000099e-01 4.816411310000000001e-01 -1.831030469999999910e-01 -4.840542320000000287e-01 -6.768491759999999413e-01 -9.002822340000000700e-01 -8.182742650000000006e-01 -7.783858299999999453e-01 1.006623140000000027e-01 3.572710379999999852e-01 -6.426219189999999859e-01 8.322289680000000134e-01 -6.350929419999999936e-01 1.602310509999999855e-01 -3.860879220000000278e-01 8.831571999999999756e-01 -5.295267370000000806e-01 -5.562142789999999781e-01 -1.052468659999999945e-01 2.448533239999999833e-01 -4.544526770000000271e-01 1.592794590000000121e-01 8.659934169999999876e-01 1.706884439999999947e-01 7.945719090000000762e-01 -3.339278119999999905e-01 2.879258339999999847e-02 8.062013679999999738e-01 7.356791120000000239e-01 7.189764250000000301e-01 7.860410469999999927e-01 9.749469790000000469e-01 5.518772749999999450e-01 -7.463794220000000146e-02 4.503304189999999818e-01 8.726829999999999865e-01 2.961452390000000046e-01 8.665742199999999507e-01 1.733822849999999954e-03 7.027028009999999325e-01 1.016041730000000025e-02 3.735981879999999977e-01 6.841855999999999494e-01 5.916678189999999837e-01 8.552972250000000498e-01 7.237463530000000089e-01 1.220535359999999903e-01 7.453107949999999704e-01 -5.779101599999999506e-01 7.020262940000000507e-01 8.772802209999999157e-01 6.373909760000000535e-01 5.699174639999999847e-01 9.147651319999999808e-01 9.775246509999999667e-01 3.254519589999999574e-01 -2.824536539999999984e-01 9.622710020000000419e-01 5.837860999999999745e-01 9.515510600000000041e-01 -3.313313300000000124e-03 7.134386070000000579e-01 -1.305741450000000026e-01 -6.195632239999999680e-01 -6.861753070000000676e-01 -1.031094810000000028e-01 -8.467281809999999131e-01 -7.838244009999999484e-01 -8.353654590000000324e-01 -5.475618620000000103e-01 5.886007520000000603e-01 -8.894271900000000342e-01 8.999748530000000191e-01 -4.777935500000000113e-01 4.518756929999999672e-01 9.415041769999999977e-01 2.539025910000000108e-01 4.921116979999999863e-01 3.811542260000000404e-01 2.576540769999999814e-01 4.488891079999999811e-01 7.717752119999999882e-01 -3.141915029999999831e-01 6.631588229999999529e-01 -2.639875629999999807e-01 -2.850151830000000053e-01 6.263207929999999868e-01 -1.263619549999999980e-01 -6.240947629999999968e-01 3.151186060000000233e-01 9.111958230000000158e-01 6.235008920000000288e-01 5.453508539999999405e-01 -3.922747240000000468e-02 9.026518189999999109e-02 -7.418673630000000019e-01
2.443820200000000054e-01 -1.783962719999999946e-01 6.363752759999999897e-01 7.723255999999999455e-01 9.080867500000000536e-01 6.661801419999999752e-01 0.000000000000000000e+00 -4.003765310000000355e-01 4.169398920000000341e-01 -3.707336120000000457e-01 8.191752450000000518e-02 -1.417778179999999999e-01 2.460801250000000107e-01 5.121822879999999856e-01 -1.773550439999999895e-01 8.764255790000000657e-01 -2.242320600000000108e-02 -1.817396520000000015e-01 4.723884950000000194e-01 8.175754990000000388e-01 8.442369359999999379e-01 9.361441919999999861e-01 1.484688469999999871e-01 2.178489589999999809e-01 1.773511439999999884e-01 -8.011399509999999058e-01 -6.355319099999999777e-01 5.648005950000000164e-01 4.657676929999999826e-01 -4.722112450000000017e-01 1.269321310000000036e-01 -2.157832480000000108e-01 -3.630322300000000113e-01 -3.363122410000000118e-01 -9.176742039999999379e-02 -6.740626820000000796e-01 3.320462249999999726e-01 -2.315345730000000213e-01 4.690970740000000028e-01 8.032135640000000187e-02 -4.351845759999999896e-01 3.476870469999999991e-02 2.512772640000000002e-01 -4.414362979999999492e-01 -3.744488389999999778e-01 -4.454191370000000205e-01 4.578681350000000094e-01 -1.209991789999999984e-01 4.183220559999999977e-01 4.564259059999999923e-01 7.908820629999999685e-01 8.354535069999999841e-01 2.354302739999999949e-01 6.801933390000000079e-01 3.507795039999999642e-01 6.580242309999999595e-01 5.873954500000000412e-01 4.302594729999999479e-01 5.629147829999999741e-01 -1.011237049999999943e-01 -2.888230840000000077e-01 8.877405379999999679e-01 6.274802629999999271e-01 3.697226690000000177e-02 2.130237449999999866e-01 -6.591184729999999270e-01 2.560345170000000170e-01 -6.992759499999999795e-01 9.398947850000000104e-01 7.125695969999999990e-01 1.233964880000000125e-01 1.868875210000000286e-01 1.425778129999999977e-01 7.799070779999999203e-01 9.660326799999999769e-01 -7.632972230000000247e-01 5.655376330000000396e-02 2.316992189999999840e-01 3.949027979999999438e-01 5.894654400000000072e-01 7.628404850000000126e-01 7.551733529999999917e-01 7.966758720000000071e-01 -4.287136860000000105e-02 6.020602609999999855e-01 8.983520409999999901e-01 4.960666820000000365e-01 -1.954377999999999949e-01 9.478169559999999327e-01 5.878750649999999744e-01 -8.372808000000000472e-01 -9.271961549999999663e-01 -2.489473050000000076e-01 -7.811009620000000098e-01 -8.013421509999999470e-01 -8.070178109999999183e-01 -5.907054910000000270e-01 4.252897239999999801e-01 -5.987198139999999613e-01 8.259536040000000634e-01 -8.597917279999999218e-01 6.842036700000000415e-01 3.758966679999999894e-01 6.717574120000000537e-01 9.013713870000000794e-01 8.970713670000000084e-01 2.139369110000000074e-01 9.432259020000000049e-01 9.612752869999999783e-01 -2.308657589999999760e-01 3.228533160000000152e-02 -7.673848790000000752e-01 2.851875710000000008e-02 6.903523299999999585e-01 -3.394683429999999502e-01 6.717887410000000781e-02 2.745814930000000098e-01 8.180379399999999634e-01 3.437440670000000420e-01 7.727939179999999686e-01 -1.981895289999999754e-01 1.494793060000000062e-01 -9.580933979999999295e-01
3.419418670000000104e-01 9.329264859999999437e-01 2.101159870000000041e-01 2.527964589999999734e-01 -7.122382359999999968e-02 -5.990195120000000456e-02 -4.003765310000000355e-01 0.000000000000000000e+00 -7.823214540000000827e-01 9.816356309999999530e-01 6.099713150000000139e-01 8.859053669999999991e-01 -5.499164069999999960e-01 5.595301179999999652e-01 8.590726720000000372e-01 -2.985411590000000004e-01 8.106582040000001044e-01 8.021539300000000150e-01 5.876560419999999896e-01 -4.008505490000000004e-02 -1.415722349999999907e-01 -4.330577190000000076e-01 -1.135405130000000096e-01 7.567906490000000375e-01 1.426149200000000061e-01 5.246380389999999450e-01 -5.039361249999999709e-02 2.221004960000000084e-01 9.093463100000000188e-02 5.374242839999999743e-01 9.413766569999999778e-02 2.545110409999999934e-01 1.432646659999999850e-01 8.538930559999999628e-03 -2.413818509999999737e-02 4.792108840000000036e-01 5.596784240000000077e-01 9.936538019999999194e-02 4.758251620000000237e-01 -4.456807670000000332e-01 5.049224940000000134e-02 5.417653940000000112e-01 5.824957669999999976e-02 4.610551139999999881e-01 7.170387979999999217e-01 9.577722709999999529e-01 5.660106350000000397e-01 5.929294290000000078e-01 5.324821239999999456e-01 3.802100129999999578e-01 -7.767399109999999496e-01 1.336982160000000086e-01 8.839584130000001372e-02 -7.755321280000000705e-02 6.006881869999999846e-02 4.025609150000000191e-01 4.765414000000000594e-01 -1.872461560000000247e-01 -8.998198890000000394e-02 7.262073150000000199e-01 9.168357929999999545e-01 -1.146159309999999903e-01 1.985395330000000180e-01 8.866498600000000119e-01 2.347706599999999921e-01 3.258479189999999998e-02 2.217833899999999969e-01 2.403903069999999975e-01 -4.958172179999999485e-01 8.154958390000000001e-02 7.685272479999999407e-01 2.566437679999999943e-01 5.017795290000000019e-01 -2.364646760000000125e-01 -5.376997570000000559e-01 5.170833999999999708e-01 5.976661300000000177e-01 1.854250600000000027e-01 6.530821179999999337e-01 -1.182234919999999995e-01 1.416878010000000021e-01 -1.381392439999999944e-01 7.152115700000000187e-02 5.902956959999999809e-01 1.442340449999999878e-02 -2.615107010000000121e-01 -3.867791519999999855e-03 -1.497089649999999994e-01 -3.916067209999999910e-01 -5.765349429999999664e-01 5.163996610000000098e-01 6.428651410000000288e-01 9.071319990000000777e-01 5.032347189999999415e-01 6.479980479999999377e-01 -1.633205969999999840e-02 8.157208400000000026e-01 5.842007839999999730e-01 2.892526970000000031e-01 1.399018919999999930e-02 5.022521220000000230e-01 2.627647160000000093e-01 1.095682490000000064e-01 2.561901209999999929e-01 -2.952339549999999924e-01 -2.288697450000000133e-01 6.858586390000001032e-01 -4.745227420000000529e-01 -3.771037910000000215e-01 8.333471000000000073e-01 6.217368639999999447e-01 3.153085800000000050e-01 4.962945079999999676e-01 2.966319450000000080e-01 6.020554040000000162e-01 -1.508412000000000086e-01 5.098701669999999853e-01 -9.162059390000000525e-02 5.666199920000000168e-01 1.661827830000000006e-01 9.507895090000000327e-01 7.696684320000000135e-01 4.301196449999999949e-01
-6.731970499999999635e-01 -5.607375340000000374e-01 -3.824946140000000105e-01 -1.503216309999999833e-01 7.477023990000000730e-02 -1.777535060000000056e-01 4.169398920000000341e-01 -7.823214540000000827e-01 0.000000000000000000e+00 -7.044426709999999092e-01 -8.076743029999999823e-01 -9.119169630000000248e-01 9.441514090000000525e-01 -2.455242800000000114e-01 -5.983271559999999711e-01 6.050780500000000339e-01 -4.983859600000000167e-01 -9.420528350000000328e-01 -4.209369749999999910e-01 1.124795140000000027e-01 1.759151969999999954e-01 2.224599639999999823e-01 1.658649110000000038e-01 -7.189258009999999199e-01 3.853029870000000412e-01 -7.368084320000000131e-01 -4.556587020000000265e-01 -3.384567639999999655e-01 -4.301681129999999631e-01 -1.320207669999999833e-01 9.712945080000000286e-02 -9.399994409999999634e-02 1.989200980000000174e-01 5.059289359999999958e-01 4.750166160000000026e-01 -7.130062179999999694e-01 -5.949475320000000567e-01 -1.076622819999999980e-01 -4.765262270000000244e-01 8.339764190000000799e-01 -6.337780950000000413e-01 -1.527965780000000162e-01 -4.300868579999999608e-01 1.088554619999999862e-01 -4.289913760000000353e-01 -6.340781320000000720e-01 -1.865062089999999784e-01 -2.968832289999999707e-01 -4.455236769999999791e-02 -3.697577850000000055e-01 8.460768740000000898e-01 -1.149487630000000093e-01 5.410723010000000333e-01 5.236602350000000294e-01 -8.025793400000000299e-02 -3.201899449999999758e-01 -3.350258600000000087e-01 1.333490969999999998e-01 -2.759665289999999604e-01 -8.895095129999999184e-01 -8.235818140000000787e-01 2.037706760000000117e-01 -4.337776370000000492e-01 -7.457646729999999335e-01 -4.972251770000000182e-01 -4.515658760000000327e-01 -6.818507940000000378e-01 -6.447858840000000313e-01 5.992978599999999600e-01 1.983453169999999932e-01 -7.406944030000000012e-01 -5.492504099999999667e-01 -4.872134599999999871e-01 6.099726070000000000e-01 4.465261400000000158e-01 -6.539370329999999454e-01 -6.757910140000000787e-01 -4.653664870000000509e-01 -5.396756160000000246e-01 -2.672895639999999795e-01 -2.221041689999999902e-01 2.533626430000000210e-03 2.000986889999999963e-01 -4.396980810000000184e-01 -1.212123240000000102e-01 1.407034080000000020e-01 -1.744168399999999897e-01 -4.249356379999999489e-01 2.234530580000000100e-01 9.203277020000000253e-01 -6.315709990000000218e-01 -5.599413389999999824e-01 -4.586802170000000567e-01 -3.574777999999999567e-01 -4.271238689999999893e-01 -1.112886399999999942e-01 -6.142183379999999193e-01 -5.948790379999999711e-01 -1.465975340000000016e-01 -1.524642819999999788e-01 -7.159418640000000389e-01 -1.972460280000000177e-01 -4.102323879999999479e-01 3.780351459999999747e-02 2.318029679999999981e-01 3.272966840000000044e-01 -6.434317820000000632e-01 6.571294549999999735e-01 4.078334960000000176e-01 -3.253321269999999710e-01 -8.446502890000000541e-01 -7.103738649999999932e-01 -3.532012579999999624e-01 -3.061183269999999679e-01 -8.209775220000000706e-01 3.215890960000000187e-01 -6.269086110000000600e-01 -1.385673259999999907e-01 -6.991759490000000188e-01 -1.252541490000000091e-01 -5.759811790000000098e-01 -5.313518480000000155e-01 -4.655719329999999934e-01
2.073095389999999871e-01 9.715418340000000486e-01 1.283343269999999980e-01 2.829333619999999661e-01 -9.788725489999999807e-02 -1.729798730000000062e-01 -3.707336120000000457e-01 9.816356309999999530e-01 -7.044426709999999092e-01 0.000000000000000000e+00 4.882145999999999986e-01 8.406438409999998917e-01 -4.626106170000000573e-01 5.660538499999999695e-01 9.321424590000000343e-01 -2.037366030000000161e-01 8.932698659999999125e-01 7.051466820000000801e-01 5.510510149999999774e-01 5.671326429999999641e-02 -4.457240219999999975e-02 -4.450588129999999976e-01 5.984322099999999506e-02 7.125215550000000286e-01 3.146405680000000094e-01 5.180385859999999676e-01 -1.068012619999999940e-01 1.101926359999999966e-01 1.097777209999999948e-01 4.760107220000000527e-01 2.738710630000000257e-01 4.174239399999999933e-01 3.078373789999999666e-01 1.254916759999999964e-01 1.516316969999999820e-01 3.262369189999999586e-01 5.964351949999999736e-01 2.481685569999999841e-01 3.893679360000000256e-01 -3.013677510000000170e-01 -6.227673480000000400e-02 6.887041559999999008e-01 -1.101858940000000064e-01 4.950964689999999835e-01 8.293926649999999734e-01 9.270831009999999095e-01 6.350284400000000273e-01 7.315121220000000424e-01 6.040543800000000019e-01 2.693274099999999893e-01 -6.897857209999999073e-01 1.273578159999999848e-01 2.090515489999999754e-01 5.444243280000000268e-02 -8.917459259999999110e-02 3.847841550000000166e-01 4.457263479999999944e-01 -3.282555229999999935e-01 -2.148236020000000024e-01 6.079268110000000114e-01 9.382284259999998932e-01 -2.768560089999999932e-02 1.393673730000000166e-01 8.746091909999998970e-01 6.737768019999999802e-02 -1.100245819999999958e-01 1.357638369999999983e-01 1.023198049999999998e-01 -4.077285199999999832e-01 4.604293760000000013e-02 6.865658129999999693e-01 9.043248839999999678e-02 3.591655639999999927e-01 -1.143517180000000050e-01 -5.455591039999999614e-01 5.483664270000000451e-01 4.557297289999999723e-01 1.681923249999999967e-02 6.136467150000000093e-01 -1.082471509999999998e-01 8.707731019999999378e-02 -2.362705250000000090e-01 1.729832369999999842e-01 7.098261340000000530e-01 -1.099579900000000054e-01 -2.080351699999999915e-01 -1.495580259999999828e-01 -1.634277330000000195e-01 -3.732564649999999817e-01 -4.579432579999999642e-01 5.380140949999999700e-01 6.537126060000000294e-01 9.142165469999999905e-01 5.865929960000000332e-01 7.124911120000000375e-01 3.239159910000000142e-02 8.823142959999998869e-01 5.738809729999999609e-01 4.171169970000000449e-01 -2.495103580000000015e-02 4.806362829999999975e-01 3.304162860000000035e-01 -4.423026170000000229e-02 3.608025890000000069e-01 -2.205335169999999845e-01 -1.292103450000000042e-01 7.257461559999999201e-01 -4.147811470000000167e-01 -3.908623290000000083e-01 8.996484459999999350e-01 5.012855680000000147e-01 2.512050089999999791e-01 6.283824689999999435e-01 3.211055979999999921e-01 6.250745460000000087e-01 3.502181439999999674e-02 5.468347980000000108e-01 -1.377487540000000010e-01 5.322327359999999841e-01 2.221793610000000196e-01 9.630093320000000512e-01 8.339645270000000110e-01 4.408107970000000320e-01
9.526146590000000858e-01 4.398076820000000331e-01 8.193442559999999375e-01 5.044891689999999596e-01 4.706147520000000251e-01 7.001570359999998994e-01 8.191752450000000518e-02 6.099713150000000139e-01 -8.076743029999999823e-01 4.882145999999999986e-01 0.000000000000000000e+00 8.538222819999999880e-01 -8.159999409999999509e-01 5.707848920000000437e-01 3.633828860000000160e-01 -2.180581439999999815e-01 3.469152859999999894e-01 9.447927979999999337e-01 7.650550159999999211e-01 1.274839940000000171e-01 7.190960809999999426e-02 2.540855770000000069e-01 -4.532528149999999756e-01 8.830362649999999869e-01 -4.955203479999999439e-01 2.046317400000000064e-01 6.197544120000000184e-02 8.266608159999999650e-01 4.948411850000000167e-01 1.316715780000000113e-01 -3.754069520000000160e-01 -3.516217510000000379e-01 -6.468454179999999498e-01 -7.539824019999999960e-01 -7.500279870000000626e-01 5.769075179999999525e-01 6.236330810000000335e-01 -3.649051799999999957e-01 8.784776740000000972e-01 -9.341435399999999944e-01 4.356416979999999661e-01 -6.270016820000000324e-02 7.993268929999999273e-01 -2.413157830000000059e-01 2.368516890000000111e-02 5.101924089999999579e-01 3.651804870000000536e-01 -2.123272879999999960e-02 2.408297519999999803e-01 8.332642529999999548e-01 -5.349545100000000497e-01 5.638661099999999760e-01 -4.603183060000000104e-01 -2.905184149999999743e-01 5.917960620000000116e-01 7.028592129999999827e-01 7.264109819999999829e-01 4.097984739999999682e-01 7.246789329999999696e-01 9.807640320000000633e-01 5.790561969999999947e-01 1.083955080000000015e-01 7.914886150000000065e-01 7.693616890000000152e-01 8.703344170000000268e-01 2.679185410000000100e-01 8.179625099999999760e-01 4.172219360000000155e-01 -2.238429589999999803e-01 3.564651500000000084e-01 9.362496270000000287e-01 8.925542809999998939e-01 8.491723329999999459e-01 -3.157813629999999816e-01 9.084242180000000333e-02 8.464114960000000687e-02 9.473914409999999453e-01 8.486730359999999918e-01 8.235557220000000456e-01 4.176800029999999664e-01 7.044278070000000724e-01 5.782113859999999939e-01 8.444545330000000072e-02 1.508872719999999890e-01 6.790820619999999863e-01 1.860687380000000113e-01 6.995248390000000649e-01 1.476658309999999974e-01 2.026179660000000105e-01 -7.008123079999999394e-01 5.375903559999999776e-02 2.390026190000000064e-02 4.038298909999999964e-01 -2.310281410000000202e-01 -1.129714419999999914e-01 -4.709321110000000421e-01 1.580700600000000122e-01 7.870845009999999364e-01 -4.301424739999999969e-01 6.212014810000000553e-01 1.885391770000000022e-01 4.046758770000000172e-01 8.342376359999998936e-01 1.664307369999999953e-01 7.295769309999999841e-02 -2.579606620000000211e-02 6.215728360000000174e-01 -1.870303219999999988e-01 1.729733560000000225e-01 1.741029560000000032e-01 9.973033799999999616e-01 2.754991350000000061e-01 7.857393679999999381e-02 5.836842479999999611e-01 4.545579520000000429e-01 -6.317902520000000521e-01 5.981102149999999451e-01 5.937602989999999359e-01 8.585021499999999639e-01 4.048049060000000199e-01 5.042595939999999777e-01 4.873291479999999898e-01 -1.129703319999999928e-01
6.827898020000000567e-01 7.864816079999999987e-01 5.603004329999999866e-01 4.891206989999999921e-01 2.113011919999999988e-01 2.924019460000000237e-01 -1.417778179999999999e-01 8.859053669999999991e-01 -9.119169630000000248e-01 8.406438409999998917e-01 8.538222819999999880e-01 0.000000000000000000e+00 -8.155600170000000260e-01 6.124566129999999831e-01 7.833323549999999802e-01 -2.495241730000000158e-01 7.447496720000000847e-01 9.564733300000000105e-01 7.246562069999999967e-01 1.945501629999999982e-01 1.105984450000000036e-01 -5.384751639999999645e-02 -8.567570019999999620e-02 9.248808659999999682e-01 -1.019181799999999971e-01 4.921089720000000334e-01 6.497160450000000198e-02 5.062636299999999645e-01 4.977238749999999823e-01 1.828960669999999955e-01 5.659465599999999319e-02 1.482055359999999988e-01 -1.553276019999999813e-01 -4.316152120000000258e-01 -3.334543420000000147e-01 4.674778749999999872e-01 7.977961519999999807e-01 7.402835599999998961e-02 6.974738959999999821e-01 -7.334241020000000777e-01 2.918415689999999674e-01 4.086696899999999744e-01 3.738321520000000286e-01 9.556476200000000448e-03 5.401996700000000207e-01 7.463938759999999562e-01 5.692751770000000766e-01 4.787843020000000505e-01 4.430377260000000206e-01 5.688005489999999886e-01 -6.774666540000000570e-01 4.208133310000000127e-01 -2.256927970000000006e-01 -1.442495020000000017e-01 1.719530710000000129e-01 6.310050870000000200e-01 6.511290809999999984e-01 -6.671918670000000218e-02 3.083534949999999775e-01 9.062010779999999377e-01 9.185715709999999756e-01 1.171666380000000035e-01 5.912375570000000247e-01 9.525431850000000145e-01 4.932369020000000326e-01 7.791778339999999581e-02 6.435655889999999379e-01 2.989707699999999968e-01 -3.217927710000000330e-01 1.342050770000000059e-01 9.067092109999999039e-01 5.310521550000000257e-01 5.977568789999999632e-01 -2.494709069999999917e-01 -2.475278160000000116e-01 4.516461210000000115e-01 7.451095809999999098e-01 4.533690820000000343e-01 8.114962230000000165e-01 3.237725310000000301e-01 4.645200879999999977e-01 1.633553670000000013e-01 1.828202700000000069e-01 5.976368069999999921e-01 2.663047510000000062e-01 8.585923310000000142e-02 2.543960749999999993e-01 1.504400449999999945e-01 -2.454334759999999768e-02 -6.922855590000001058e-01 4.094711540000000038e-01 3.899399689999999974e-01 6.743727250000000062e-01 2.460423169999999826e-01 3.538205710000000281e-01 -1.909616530000000090e-01 6.342009170000000307e-01 8.315656890000000523e-01 6.680277610000000255e-02 3.787091340000000028e-01 4.444576460000000395e-01 5.040841520000000076e-01 4.295697870000000362e-01 3.429276129999999645e-01 1.217588730000000036e-02 -1.749409090000000194e-02 8.537259950000000153e-01 -3.554549300000000023e-01 -1.455613639999999986e-01 5.646614589999999767e-01 8.686069720000000327e-01 3.721116190000000046e-01 5.188353820000000116e-01 5.887871780000000221e-01 7.469711869999999809e-01 -2.351495439999999881e-01 7.763427600000000206e-01 3.137304910000000002e-01 8.626058190000001069e-01 4.349716249999999729e-01 7.938864040000001010e-01 8.010485920000000037e-01 2.113888299999999998e-01
