1.0,0.549799933,0.59819581,0.221295608,0.90693006,0.14661123199999998,0.7872805909999999,0.280291348,0.694738455,0.8526357090000001,0.199545382,0.247636198,0.457251636,0.788371516,-0.61477086,0.952543185,0.0235409057,0.57710684,0.9602188070000001,0.713674205,0.9043263290000001,-0.12640699800000002,-0.20670906,0.576939405,-0.446895721,0.575992307,0.623265438,0.303108972,0.0369722669,0.805161438,0.012353598600000001,0.754173338,0.09150285289999999,0.9171662340000001,0.651083284,-0.22921855300000002,-0.359144081,0.889771105,0.312348801,-0.0084415447,0.596478365,0.040496704,0.151683386,0.358342249,0.701600729,0.342883325,0.891625633,0.767240475,0.769361689,0.0261212389,0.233083232,0.17952960699999998,-0.5006308279999999,-0.7457646729999999,0.854767597,0.0363279568,0.5864804,-0.118849755,0.28044296399999996,0.0418192293,0.240825394,0.308386946,0.656437834,-0.0627962023,0.19294900899999998,0.07799469120000001,0.354198368,0.8746091909999999,0.286968359,0.7837235020000001,-0.551587112,0.850092854,0.23175176399999997,0.88664986,0.90193759,0.843175105,0.562586906,0.76204744,0.202971453,0.5950737770000001,0.35708703,0.788443322,0.615776503,-0.08669294539999998,0.534553159,0.373677495,0.21984295199999998,-0.154534068,-0.282068785,0.250293383,0.861560388,0.0613586976,0.35822332100000004,0.504515633,0.264579468,0.88996067,-0.11010643699999999,0.586585503,0.18202855199999998,0.154461185,0.281381634,0.586223243,0.862077448,0.9155461570000001,0.6949531109999999,0.803707917,-0.00817649804,0.296145239,0.429159109,0.142157335,0.457751064,0.663105432,0.597546895,0.185774642,0.614024511,0.40110595200000004,0.424033648,0.244450793,0.7751465390000001,-0.120889834,-0.0412753875,0.0586837761,0.0232176148
0.549799933,1.0,0.948147538,0.9058812159999999,0.567764695,-0.156416077,0.132630637,-0.495881454,0.499569441,0.486517129,-0.37195434899999996,0.846485287,0.62724868,0.6003253279999999,-0.332516993,0.464520088,0.502290492,0.775798953,0.7439458720000001,-0.0019021555199999999,0.836434186,-0.35707808700000004,-0.325579582,0.0177160044,-0.018996069299999998,0.611761326,0.877251351,0.867276134,0.762840485,0.7694956059999999,-0.253516756,0.915171471,-0.395115176,0.450671183,0.758234427,-0.453725979,-0.8949419120000001,0.22854998899999998,0.707474508,-0.0707760394,0.08495231689999999,-0.7556323079999999,0.32794526399999996,0.951993781,0.874786097,0.765866542,0.8224292670000001,0.6652674820000001,0.7044278070000001,0.8116162570000001,-0.20968051199999999,-0.142707328,0.209972453,-0.222104169,0.139289159,0.37513709999999995,0.978661827,0.7351133670000001,-0.44966503700000005,-0.696370192,-0.11421206800000001,-0.621793315,0.890244895,-0.655715756,0.639527975,0.789451673,0.79297671,0.0870773102,0.659306838,0.5806717020000001,-0.5288359229999999,0.8571749959999999,-0.566717146,0.141687801,0.18870304899999998,0.645631297,0.966834705,0.939461345,0.747681699,0.66636545,0.954936462,0.910535408,-0.294631843,-0.0919594625,0.9380436390000001,0.669006996,-0.501921595,-0.522662366,-0.692307915,0.675294609,0.801255632,-0.40711800299999995,0.702518324,0.68287689,-0.632209322,0.199445337,0.5250076610000001,-0.0732457156,-0.6927059740000001,0.679832381,0.647515966,0.8187620259999999,0.24252184100000002,0.711686315,0.662400908,0.5653382020000001,-0.191704092,0.914765132,0.643623738,-0.420985218,0.9840758690000001,0.08320657320000001,-0.223270587,0.625765699,0.042034952300000004,0.7052750459999999,0.698827317,0.799508057,0.0531804104,0.559018101,0.5717993729999999,-0.0826896555,0.797309267
0.59819581,0.948147538,1.0,0.8001141909999999,0.671898936,-0.284226871,0.055574379900000005,-0.238679051,0.340909125,0.618782403,-0.249290655,0.8697131770000001,0.8076670509999999,0.501828242,-0.5817401879999999,0.591237557,0.292871271,0.8681437870000001,0.782870288,-0.0703318271,0.8050778959999999,-0.308938467,-0.159982804,0.0209394535,-0.245616215,0.525698808,0.7875029170000001,0.7589563359999999,0.6274802629999999,0.643285978,-0.054979953600000006,0.8686973440000001,-0.114472522,0.487116403,0.765499472,-0.17407049100000002,-0.708034652,0.199985103,0.6408783,0.197557768,0.205293043,-0.570941004,0.128130868,0.949684967,0.888523106,0.52494382,0.8740817,0.7740097640000001,0.791488615,0.7650297070000001,-0.36586558399999997,-0.0779541658,0.057223177199999996,-0.43377763700000005,0.215023412,0.17235909300000002,0.975195004,0.606074985,-0.181122858,-0.556579876,0.010769001,-0.5095314470000001,0.832191962,-0.637856779,0.489284702,0.753082832,0.801253153,0.13936737300000002,0.812774685,0.7377899529999999,-0.689817097,0.7811781259999999,-0.32417952699999997,0.19853953300000002,0.329143281,0.759564075,0.896814951,0.8820525640000001,0.742926777,0.5922373160000001,0.835096242,0.825971085,-0.161613569,0.21068202,0.8833395359999999,0.639260916,-0.244901817,-0.606348317,-0.839487924,0.712712015,0.903159782,-0.22651493399999997,0.710409405,0.87260181,-0.482407159,0.19241742,0.38578049799999997,-0.00362181115,-0.545693605,0.657133955,0.620638667,0.805485043,0.276669534,0.7313074740000001,0.663896768,0.671412675,-0.090232392,0.872683,0.52637932,-0.594966313,0.953309945,0.20904183899999998,-0.131105225,0.54676606,0.313037077,0.7140791670000001,0.731474278,0.7178796120000001,0.0363935529,0.35204406,0.401430424,-0.329356159,0.620591868
0.221295608,0.9058812159999999,0.8001141909999999,1.0,0.171862061,-0.378328623,-0.0913611437,-0.730596334,0.244710275,0.284676166,-0.704880214,0.912891557,0.36549759600000004,0.290911175,-0.142759061,0.163355367,0.447631887,0.723477838,0.472346979,-0.285295895,0.605016911,-0.586894127,-0.132220685,-0.365972785,0.0589095512,0.314024007,0.85682725,0.973817409,0.755173353,0.5495034360000001,-0.150919202,0.80031034,-0.452407889,0.050567798,0.443283094,-0.41980225200000004,-0.91449813,-0.058029563,0.5057151289999999,-0.0312157594,-0.337920138,-0.8496237209999999,0.181512266,0.8849561220000001,0.598077137,0.799024892,0.518365729,0.5290793970000001,0.578211386,0.8240274740000001,-0.124368189,-0.47141667,0.310543938,0.00253362643,-0.264472113,0.278643022,0.8893107109999999,0.8253472829999999,-0.6384057320000001,-0.932895425,-0.0326269077,-0.84382677,0.651478224,-0.856573035,0.837916668,0.7399026340000001,0.8736147540000001,-0.236270525,0.474230361,0.203420093,-0.472305514,0.6582371810000001,-0.7650262409999999,-0.138139244,-0.18862846600000002,0.267979956,0.811209063,0.732209308,0.59767636,0.695684752,0.913784623,0.725614922,-0.6314662879999999,-0.17878819899999998,0.929893009,0.41894641200000005,-0.644926714,-0.667807269,-0.6851557009999999,0.797922152,0.517705745,-0.702574971,0.8042552390000001,0.545064894,-0.783393653,-0.132417939,0.489612516,-0.47614513,-0.915191181,0.52520407,0.425161709,0.547961989,-0.16024025,0.5150351360000001,0.62604622,0.418017456,-0.468414311,0.977524651,0.40927652600000003,-0.426095602,0.888131503,-0.34563642299999997,-0.600532647,0.453242714,-0.302700903,0.79149433,0.765791703,0.943138103,-0.14033958400000002,0.5953481939999999,0.8423575240000001,-0.155259062,0.871216944
0.90693006,0.567764695,0.671898936,0.171862061,1.0,0.26331768899999997,0.537771929,0.329114894,0.645112631,0.696399168,0.443339473,0.23877207600000003,0.7355600859999999,0.7956380059999999,-0.605629506,0.853725995,0.17377001600000003,0.49105032299999996,0.8733633909999999,0.563368186,0.8092925040000001,0.19512444399999998,-0.37564539799999996,0.6966919020000001,-0.301102893,0.731131799,0.433914632,0.16306320300000002,0.213936911,0.717831133,-0.158602728,0.625779866,0.0684347714,0.951900957,0.8484719629999999,-0.16187812099999999,-0.28460256100000003,0.696860577,0.56274037,0.00218243443,0.813318344,-0.0334549846,0.28557163,0.480064439,0.8456917409999999,0.205028932,0.929182355,0.6296067679999999,0.621572836,0.22494127,-0.171389331,0.48508519,-0.254008797,-0.6434317820000001,0.856917796,0.198851046,0.57881061,0.0289608559,0.282158438,0.171959143,-0.049009171799999994,0.23565331,0.76340167,0.0698281726,-0.0777599309,0.32193197100000004,0.22551496,0.7257461559999999,0.584929259,0.961756497,-0.43523645899999996,0.742226242,0.238965454,0.6858586390000001,0.8669766659999999,0.98464884,0.6418824329999999,0.761953628,0.49263631700000005,0.296439133,0.4083874,0.720238041,0.5843498020000001,0.163523685,0.422907255,0.6460843479999999,0.18241445399999998,-0.022489032000000003,-0.34158121399999997,0.11200980099999999,0.901288147,0.361431535,0.168923839,0.593484022,0.132796288,0.75822617,0.140208368,0.7184853409999999,0.192104807,0.460134503,0.577295059,0.781807495,0.8765101409999999,0.7404587659999999,0.436720296,0.623210419,0.359092343,0.257654077,0.6039555129999999,-0.138354465,0.547854698,0.8402328929999999,0.64597635,0.45966811399999996,0.740700995,0.20306554100000002,0.241419539,0.0828685788,0.485663494,0.026300317599999998,-0.267359837,0.016733593999999997,0.09358518869999999
0.14661123199999998,-0.156416077,-0.284226871,-0.378328623,0.26331768899999997,1.0,0.393715855,-0.00429122294,0.679532143,-0.375516169,0.693106782,-0.64241513,-0.102992507,0.6053362520000001,0.54370532,-0.10191818,0.601894124,-0.641979548,-0.032339579900000005,0.639128013,0.0427892683,0.768824629,-0.8530781999999999,0.8441637879999999,0.653643447,0.664924675,-0.30298856,-0.452559363,0.177351144,0.34334145899999996,-0.809756612,-0.212128145,-0.5387518,0.483617271,0.38205637200000003,-0.609895008,0.00461477191,0.372427688,0.44844148799999994,-0.8319078870000001,0.621276611,-0.038718892000000005,0.8308603640000001,-0.244848642,0.18189254300000002,0.141582614,0.0596279273,-0.511573212,-0.49552034799999994,-0.133170589,0.0595664403,0.792054664,0.357054463,0.38530298700000004,0.505892519,0.740751657,-0.320740631,-0.046220469199999996,-0.19296102899999998,0.5206800970000001,-0.721542887,0.363284296,0.280856993,0.794146272,-0.50419417,0.00901651037,-0.7004998170000001,0.314640568,-0.174605405,0.134167605,0.737052038,0.08970619140000001,-0.031886140099999995,0.14261492,0.20399063399999998,0.199144455,0.0887801102,0.100237874,0.174446949,-0.432876644,-0.007678691579999999,0.0937392836,0.396572617,-0.46890758899999996,-0.396805164,0.47298932200000005,-0.25584797800000003,0.917188854,0.728327341,-0.8183534570000001,-0.117947429,0.512155728,-0.7463227720000001,-0.565926968,0.0661720838,0.46504180700000003,0.42812385,0.741575333,0.36745035299999995,0.285418147,0.44047970000000003,0.323055998,0.585205868,-0.181968666,-0.491355273,-0.46672812799999996,0.657158356,-0.5009521920000001,0.632363247,0.505561788,-0.146111182,0.583920962,0.629628339,0.48922878399999997,-0.0367879805,-0.727098556,-0.74346485,-0.589132867,0.16064183099999998,0.382458302,-0.514807127,0.884961462,0.030408252799999997
0.7872805909999999,0.132630637,0.055574379900000005,-0.0913611437,0.537771929,0.393715855,1.0,0.22161231899999997,0.743056552,0.559105161,0.18773975199999998,-0.219507229,-0.166292655,0.6922890820000001,-0.16862744600000001,0.674372725,-0.00874150137,0.120473447,0.645644113,0.9490831059999999,0.63080411,-0.109947893,-0.230210837,0.601486644,-0.226121422,0.383123748,0.399982221,0.0539669992,-0.248947305,0.6846971009999999,-0.0674214695,0.448396178,-0.0582498584,0.7259515390000001,0.24460013100000003,-0.414837212,-0.19060191899999998,0.978176597,-0.0244108304,-0.344759854,0.394392543,0.232686912,0.22476237100000002,-0.157654442,0.244407032,0.338076931,0.46866356,0.39006653399999996,0.403829891,-0.417848527,0.720363868,0.098929146,-0.547240354,-0.45868021700000006,0.783976117,0.0633859224,0.12689452699999998,-0.409586247,0.19488524,0.200734882,0.251881627,0.561183082,0.29546417,0.22776737600000002,0.15399058599999998,-0.374853308,-0.011787599499999999,0.914216547,-0.345443997,0.291858088,-0.143120846,0.623646269,0.239121124,0.9071319990000001,0.731747597,0.393993638,0.171822883,0.41955208,-0.268075257,0.497170182,0.0235253626,0.5239561429999999,0.68573626,-0.542521557,0.19353472,0.00857819177,0.18332846600000002,0.19077624199999998,0.2874139,-0.101315111,0.376224911,-0.0464667913,0.062152036900000006,-0.0984831576,0.483607643,0.945978207,-0.300364911,0.56732171,0.384150689,-0.265344218,-0.0950619268,0.166595366,0.7886712379999999,0.666829979,0.495305822,0.503669136,-0.155910487,-0.103109481,0.23645757399999998,0.7214580209999999,-0.013957978700000002,0.47531048600000003,0.657488008,-0.112241724,0.257303318,0.110543592,0.10233304300000001,-0.00505503437,0.9592904000000001,-0.206060217,-0.0591641255,0.466467625,-0.19370427899999998
0.280291348,-0.495881454,-0.238679051,-0.730596334,0.329114894,-0.00429122294,0.22161231899999997,1.0,-0.229194626,0.37683256200000004,0.643972792,-0.43865253600000004,0.163403231,-0.13429269800000002,-0.5677659389999999,0.451646121,-0.710639682,-0.0705137505,0.0951516229,0.303210839,-0.132696011,0.310158332,0.3869289,0.361602961,-0.64252921,-0.23462497699999998,-0.44976051899999997,-0.66641637,-0.763297223,-0.309714146,0.525783811,-0.31428601899999997,0.8415176209999999,0.296957173,-0.12861478,0.6964342590000001,0.783094512,0.305022211,-0.423074619,0.520478992,0.54063233,0.904271099,-0.486783765,-0.47889737,-0.179173926,-0.799178065,0.0311873322,0.151812633,0.0846411496,-0.64775442,-0.0215463415,0.366121865,-0.704761773,-0.653937033,0.555922369,-0.594890537,-0.37530083200000003,-0.830847179,0.9801253440000001,0.805607803,0.41958096100000003,0.84229776,-0.349002065,0.49683224600000003,-0.653314639,-0.576105875,-0.373299437,0.548366427,-0.0104531637,0.34659677,-0.214998448,-0.261510026,0.992313586,0.5170834,0.657585709,0.25464179600000003,-0.488122693,-0.331912577,-0.407144665,-0.295122898,-0.696618849,-0.349716972,0.828997504,0.5761233579999999,-0.47910528,-0.28930983600000004,0.9569729090000001,0.16259621800000001,0.0767232873,-0.299452061,0.11704216699999999,0.693451237,-0.311089087,0.14548692800000002,0.88224017,0.37177327299999996,-0.674899727,0.553472637,0.88801501,-0.416132939,-0.32236284600000004,-0.249990483,0.411794823,0.0475421251,-0.0930491325,0.239103195,0.358742981,-0.57791016,-0.40133252,0.0630296755,-0.495278182,0.588024287,0.7020106429999999,-0.45919807799999995,0.8378313629999999,-0.28614353600000003,-0.22352065899999998,-0.607598582,0.374678475,-0.837917334,-0.777279333,-0.34068779299999996,-0.882498785
0.694738455,0.499569441,0.340909125,0.244710275,0.645112631,0.679532143,0.743056552,-0.229194626,1.0,0.250925902,0.242184768,-0.0223777318,0.145383085,0.972627545,0.122882393,0.443037726,0.6439916960000001,0.07139927530000001,0.636196847,0.7853925890000001,0.737626344,0.18178203399999998,-0.7848822609999999,0.7386007179999999,0.314146168,0.873443002,0.48175068,0.247729492,0.418322056,0.918474307,-0.66152214,0.561281131,-0.6019189770000001,0.806999881,0.706838546,-0.8267619009999999,-0.590760658,0.75824676,0.619806316,-0.7191913459999999,0.52825974,-0.35791946799999996,0.780480271,0.2861081,0.6540448670000001,0.68401801,0.647036983,0.200020952,0.24082975199999998,0.174060548,0.28064255899999996,0.39167621700000005,0.107934398,-0.0445523677,0.673960813,0.6852258379999999,0.38214067799999996,0.208364843,-0.324678815,-0.019275175500000002,-0.382168059,0.0963157658,0.758177355,0.197402808,0.156610112,0.257527873,0.0124172291,0.60405438,0.0512054046,0.458863368,0.11675736,0.783033822,-0.26943067800000003,0.532482124,0.492065793,0.584316025,0.640359181,0.7373010990000001,0.36592968299999995,0.339423825,0.529300005,0.7715372429999999,0.33197298199999997,-0.624158243,0.361706882,0.618229176,-0.38842765100000004,0.344910704,0.21185474699999998,-0.16026779,0.484044029,0.006262108810000001,-0.027205922999999996,-0.0555639974,-0.11756637,0.7748651459999999,0.413555925,0.602392026,-0.0242857265,0.39848613299999996,0.54318874,0.676713146,0.784148823,0.5509865660000001,0.284089201,0.223695548,0.170800179,0.159279459,0.8161046279999999,0.424366478,0.42757388399999996,0.5404761339999999,0.496441181,0.565355696,0.0415613609,0.005731215110000001,-0.0165657837,0.104307947,0.539195852,0.46483116399999996,0.0282560104,0.716941672,0.389646745
0.8526357090000001,0.486517129,0.618782403,0.284676166,0.696399168,-0.375516169,0.559105161,0.37683256200000004,0.250925902,1.0,-0.108117625,0.47086244200000005,0.43499266799999997,0.374282779,-0.880731632,0.95647333,-0.38971528200000005,0.8189019890000001,0.879053897,0.37312985,0.763615943,-0.485601209,0.310503805,0.12585841,-0.816010736,0.126407672,0.655946322,0.413107458,-0.181739652,0.505304949,0.49994746700000003,0.73639026,0.460403037,0.601296212,0.33875629,0.183142671,-0.21907268100000002,0.662877821,-0.0366941855,0.467764309,0.263120053,0.18738286699999998,-0.35670638,0.35093281,0.48064520200000005,0.13980223,0.749068559,0.9585788340000001,0.9447927979999999,-0.026977096000000002,0.225297523,-0.219927404,-0.740224228,-0.942052835,0.5755687820000001,-0.432086665,0.618515142,-0.21420497300000002,0.47248480200000004,-0.124713268,0.657810922,0.21679892,0.374713195,-0.39185641200000004,0.361175535,-0.047197677800000004,0.617076686,0.7051466820000001,0.294839181,0.642846861,-0.885914955,0.677504125,0.35235727299999997,0.80215393,0.782743892,0.655413527,0.371070255,0.571557609,-0.0017013651899999997,0.730231503,0.213864821,0.604393066,0.461791866,0.198237823,0.609877565,0.0202321224,0.45224334899999996,-0.577482253,-0.5831091079999999,0.595111992,0.820796526,-0.141332287,0.659458924,0.724647204,0.33666061,0.618878354,-0.430151619,0.20885233600000003,0.09963590380000001,-0.101527004,-0.0521694047,0.294549191,0.522002733,0.918191828,0.868185839,0.986163468,-0.327326493,0.42921152700000004,-0.0113251799,-0.076473553,0.391595529,0.35126514299999995,0.304335648,-0.17519060399999997,0.6517579379999999,0.69210813,0.726608397,0.43932792200000004,0.688311221,-0.42585660200000003,0.138919095,-0.42106488,-0.12422972
0.199545382,-0.37195434899999996,-0.249290655,-0.704880214,0.443339473,0.693106782,0.18773975199999998,0.643972792,0.242184768,-0.108117625,1.0,-0.655482416,0.260606291,0.30061342,-0.017347478200000002,0.148205536,0.0507468371,-0.488218915,-0.0158855757,0.46129185100000003,-0.11552458300000001,0.89983765,-0.41497803299999997,0.8289685290000001,0.112815955,0.388246209,-0.5931746179999999,-0.7803700640000001,-0.215783248,-0.0368607407,-0.30336284399999996,-0.40707091700000003,0.167336015,0.511231605,0.315970439,0.10272943300000001,0.529066894,0.27099634300000003,0.214475246,-0.178453416,0.878969659,0.466051318,0.31308297399999996,-0.336733495,0.123942889,-0.500373352,0.09699974439999999,-0.312798124,-0.35162175100000004,-0.316123527,-0.289538411,0.939612144,-0.0255398296,-0.0939999441,0.654823699,0.214143568,-0.41755927,-0.416319582,0.48151845299999996,0.902794503,-0.403907156,0.675616663,0.0512846784,0.881354458,-0.907164535,-0.15118326,-0.742979899,0.41742394,0.125264211,0.44064526200000004,0.396958094,-0.17591565399999998,0.589514396,0.254511041,0.506092019,0.396533663,-0.17147643899999998,-0.12925576800000002,0.08810912779999999,-0.663694306,-0.38043180200000004,-0.196724994,0.7243313929999999,0.259791969,-0.6080501770000001,0.328185015,0.39820103799999995,0.751696162,0.434616446,-0.778349277,0.0431660231,0.962824758,-0.7802530879999999,-0.176259334,0.474022999,0.414899888,0.0438607515,0.892748805,0.7685790140000001,0.161328742,0.305638344,0.204719756,0.6251936770000001,-0.20433651600000002,-0.543807546,-0.26595999,0.8993455929999999,-0.6768491759999999,0.281094801,0.125735668,-0.31039410300000003,0.85506752,0.850071072,0.23373179300000002,0.5919939479999999,-0.759797938,-0.719434417,-0.844764985,0.108447628,-0.16284305,-0.957032158,0.295349682,-0.45977526399999996
0.247636198,0.846485287,0.8697131770000001,0.912891557,0.23877207600000003,-0.64241513,-0.219507229,-0.43865253600000004,-0.0223777318,0.47086244200000005,-0.655482416,1.0,0.5542781929999999,0.09511893560000001,-0.476763166,0.308353495,0.128031245,0.890361072,0.506055,-0.43451866200000006,0.550575767,-0.631438821,0.167090496,-0.470723897,-0.274780995,0.119637139,0.7830267190000001,0.896734402,0.562914783,0.35499566899999996,0.177757224,0.760099179,-0.0686577242,0.0202842583,0.381847855,-0.0299639829,-0.693202744,-0.134112831,0.354385997,0.36725216299999996,-0.291042856,-0.623691685,-0.151580456,0.8886265740000001,0.567652285,0.505104136,0.54912496,0.7018467409999999,0.724678933,0.76584323,-0.286053768,-0.504621789,0.0865392923,-0.27596652899999996,-0.246735813,-0.0484887811,0.904581337,0.669118574,-0.310228773,-0.8329661829999999,0.205183195,-0.749902161,0.53084963,-0.925219535,0.730104802,0.6744462370000001,0.9563764640000001,-0.214823602,0.6409523229999999,0.34149911200000005,-0.7324766290000001,0.548950594,-0.482971296,-0.0899819889,-0.062468061500000005,0.350393613,0.7003843470000001,0.636899279,0.545972578,0.66297065,0.761283446,0.604043207,-0.527086677,0.20547605,0.902416002,0.30517744199999997,-0.31930506,-0.8659454540000001,-0.9200943090000001,0.93002007,0.625936562,-0.568254167,0.896071946,0.8059609609999999,-0.609509458,-0.197585885,0.264898685,-0.49377775399999996,-0.784724361,0.4410385,0.318269008,0.470021997,-0.20053083100000002,0.5494666810000001,0.6824048220000001,0.5857892579999999,-0.445559866,0.974946979,0.18337055,-0.661772905,0.8486863990000001,-0.28682938199999997,-0.5737939470000001,0.284251938,-0.0054413010800000005,0.8821587909999999,0.884309115,0.9143291040000001,-0.17060467699999998,0.304398543,0.71378391,-0.532240744,0.6542965999999999
0.457251636,0.62724868,0.8076670509999999,0.36549759600000004,0.7355600859999999,-0.102992507,-0.166292655,0.163403231,0.145383085,0.43499266799999997,0.260606291,0.5542781929999999,1.0,0.3651149,-0.625723067,0.497723875,0.183732686,0.5781462829999999,0.556488888,-0.13366239800000002,0.496573982,0.19854406300000002,-0.194487183,0.253767655,-0.22997110199999998,0.51702613,0.284876303,0.252236578,0.465767693,0.321910734,-0.0716299584,0.457064659,0.13769894800000002,0.5134309220000001,0.7876189720000001,0.146812906,-0.24717576300000002,0.0363034454,0.658325594,0.328467123,0.562345575,-0.26535330100000004,0.100598516,0.7484356640000001,0.812472526,0.026019049500000002,0.746922986,0.512317357,0.494841185,0.635359456,-0.744579428,0.38160974200000003,0.105137541,-0.43016811299999996,0.33820475200000005,0.135409889,0.6573066329999999,0.39720670799999996,0.152078797,-0.060506370700000006,-0.182632767,-0.23529166899999998,0.6753259140000001,-0.216155706,-0.102679009,0.696526565,0.38731703700000003,0.109777721,0.973953539,0.88758914,-0.488583004,0.424579689,0.047171993899999994,0.090934631,0.41985741299999996,0.836768202,0.655367719,0.602750291,0.7888595140000001,0.0555649375,0.513215993,0.477590309,0.0833581537,0.618548061,0.43857652,0.721317633,0.0513835334,-0.29234869199999997,-0.714465738,0.328790441,0.79893481,0.356426966,0.266871539,0.8392816209999999,-0.265674306,0.11741706,0.37962979799999996,0.30551861399999997,-0.159025356,0.735032178,0.722652614,0.781352982,0.357361924,0.404374103,0.21803526,0.409246891,0.43827620799999994,0.481641131,0.48944077700000005,-0.7667627709999999,0.711117045,0.535856369,0.15679695800000001,0.598295011,0.640409797,0.26754497,0.317260639,0.21392326899999997,-0.178876247,0.190274945,-0.16052456199999998,-0.414383586,0.30751190300000003
0.788371516,0.6003253279999999,0.501828242,0.290911175,0.7956380059999999,0.6053362520000001,0.6922890820000001,-0.13429269800000002,0.972627545,0.374282779,0.30061342,0.09511893560000001,0.3651149,1.0,-0.0643011426,0.5692751770000001,0.60645887,0.213183165,0.7483543709999999,0.7352843240000001,0.819557023,0.20621602,-0.755295939,0.765026318,0.197573478,0.9260409479999999,0.519995813,0.276935169,0.457868135,0.938533446,-0.602267109,0.6380831260000001,-0.49318013299999997,0.897585374,0.83632927,-0.7176588420000001,-0.588136879,0.755109293,0.704338122,-0.574869775,0.641924092,-0.35434527600000004,0.726618475,0.420334255,0.794952909,0.6267645629999999,0.791345008,0.333176958,0.36518048700000005,0.272404842,0.116883642,0.453006288,0.0733940977,-0.18650620899999998,0.744006715,0.637789597,0.504732262,0.242473336,-0.223920772,-0.00720564515,-0.360422326,0.0785111726,0.855012914,0.144597104,0.11614936699999999,0.36546580700000003,0.10058276,0.63502844,0.260153395,0.650536574,-0.0296117735,0.839939195,-0.19741055100000002,0.566010635,0.600369226,0.755388068,0.734994336,0.827725314,0.494116605,0.34632047299999996,0.588260106,0.8345242979999999,0.37457880600000004,-0.43263950799999995,0.43622700000000003,0.722519322,-0.306344013,0.249700308,0.0336718868,-0.072383022,0.654107145,0.0988868883,0.0419045002,0.151988592,-0.12365508800000001,0.788363697,0.429935489,0.657009782,-0.021723486400000002,0.509829281,0.648476522,0.800932862,0.844902272,0.6362716979999999,0.339691659,0.33806122200000005,0.252785025,0.24485332399999998,0.8557816340000001,0.240062005,0.5466525289999999,0.6526311579999999,0.534833205,0.634551525,0.223575893,0.0750558204,0.06773498160000001,0.136873734,0.507484642,0.433454219,-0.028720201400000003,0.562760038,0.395913652
-0.61477086,-0.332516993,-0.5817401879999999,-0.142759061,-0.605629506,0.54370532,-0.16862744600000001,-0.5677659389999999,0.122882393,-0.880731632,-0.017347478200000002,-0.476763166,-0.625723067,-0.0643011426,1.0,-0.815560017,0.5602580220000001,-0.777138367,-0.657248602,-0.0344305896,-0.481946066,0.323348295,-0.492844414,0.00992643941,0.899828877,0.0614421639,-0.368139595,-0.214716541,0.246080125,-0.142537534,-0.6578674760000001,-0.478640661,-0.721646764,-0.405004831,-0.257304592,-0.5627334039999999,-0.0658428142,-0.319724199,0.0882588345,-0.776754829,-0.288383248,-0.31500938300000003,0.571569213,-0.338615513,-0.383777272,0.229128584,-0.6038282220000001,-0.8556169159999999,-0.815999941,-0.023495597400000002,0.15545331,0.121663066,0.678443325,0.944151409,-0.412995645,0.603902041,-0.50011859,0.234238368,-0.665933573,-0.0137337296,-0.637024928,-0.189273038,-0.199466006,0.358208042,-0.09512234630000001,-0.0107631577,-0.535334695,-0.46261061700000006,-0.514144246,-0.675672985,0.905367241,-0.358739088,-0.52443478,-0.549916407,-0.672785948,-0.6144382039999999,-0.20776166,-0.33745557299999995,-0.0649770029,-0.423246254,-0.0468774342,-0.30952541,-0.39868649700000003,-0.63797871,-0.415724744,0.0038853638700000006,-0.636067394,0.623796452,0.730211422,-0.567695607,-0.7415898259999999,-0.10646876,-0.552502167,-0.860913388,-0.347832165,-0.316062748,0.449151542,-0.14376425,-0.16946345899999998,0.0406789895,0.0396435523,-0.21275627600000002,-0.31994204,-0.660195765,-0.629085892,-0.849991865,0.115424166,-0.341447926,0.182591329,0.428563354,-0.30946780399999996,-0.351050067,-0.227660985,0.201295416,-0.815837205,-0.570846838,-0.629774508,-0.27863222600000004,-0.353862819,0.546795413,0.0708300707,0.739782772,0.260272829
0.952543185,0.464520088,0.591237557,0.163355367,0.853725995,-0.10191818,0.674372725,0.451646121,0.443037726,0.95647333,0.148205536,0.308353495,0.497723875,0.5692751770000001,-0.815560017,1.0,-0.24952417300000002,0.6827898020000001,0.924880866,0.564661459,0.811496223,-0.235149544,0.0779177834,0.40866969,-0.6922855590000001,0.34292761299999996,0.568800549,0.266304751,-0.141777818,0.612456613,0.29897077,0.697473896,0.372111619,0.801048592,0.504084152,0.0649716045,-0.190961653,0.7938864040000001,0.117166638,0.29184156899999997,0.518835382,0.21138883,-0.144249502,0.313730491,0.588787178,0.134205077,0.831565689,0.868606972,0.853822282,-0.053847516399999996,0.182896067,0.05659465599999999,-0.6774666540000001,-0.911916963,0.783332355,-0.249470907,0.560300433,-0.247527816,0.49210897200000003,0.0668027761,0.467477875,0.35382057100000003,0.489120699,-0.15532760199999998,0.171953071,-0.024543347599999998,0.42956978700000004,0.8406438409999999,0.32377253100000003,0.77634276,-0.7334241020000001,0.724656207,0.409471154,0.885905367,0.918571571,0.797796152,0.420813331,0.631005087,0.0858592331,0.597756879,0.211301192,0.651129081,0.634200917,0.150440045,0.50626363,0.194550163,0.44445764600000004,-0.333454342,-0.431615212,0.37383215200000003,0.8626058190000001,0.07402835599999999,0.45336908200000003,0.6435655889999999,0.389939969,0.786481608,-0.32179277100000003,0.47878430200000005,0.24604231699999998,0.0121758873,0.110598445,0.434971625,0.7447496720000001,0.9067092109999999,0.7451095809999999,0.9062010779999999,-0.0856757002,0.292401946,0.18282027,0.0095564762,0.378709134,0.597636807,0.54019967,-0.017494090900000002,0.746971187,0.49323690200000003,0.531052155,0.254396075,0.746393876,-0.35545493,-0.0667191867,-0.225692797,-0.145561364
0.0235409057,0.502290492,0.292871271,0.447631887,0.17377001600000003,0.601894124,-0.00874150137,-0.710639682,0.6439916960000001,-0.38971528200000005,0.0507468371,0.128031245,0.183732686,0.60645887,0.5602580220000001,-0.24952417300000002,1.0,-0.15468573900000002,0.0895185955,0.10264525,0.290044992,0.341315721,-0.91283735,0.34675464799999994,0.836721339,0.788382156,0.236163882,0.303663195,0.8764255790000001,0.553771743,-0.950577424,0.25411653300000003,-0.937455558,0.252934051,0.62852216,-0.857590715,-0.67709317,-0.0104606652,0.857273618,-0.8035667809999999,0.18679537899999998,-0.818907099,0.93984952,0.48672859399999996,0.5459661729999999,0.697617754,0.274453988,-0.272646577,-0.21805814399999998,0.655104256,-0.244891793,0.37416105200000005,0.826065585,0.60507805,0.00378074741,0.981935208,0.315017535,0.7626789190000001,-0.821483677,-0.303311497,-0.8645653809999999,-0.510686072,0.687063235,0.0509489824,0.125601274,0.7141781970000001,-0.0283302593,-0.20373660300000002,0.265999721,0.141184786,0.467489517,0.392186053,-0.76626265,-0.298541159,-0.237916214,0.231045351,0.66487735,0.525470927,0.723648796,-0.0539541517,0.7133865220000001,0.48493423799999996,-0.365631253,-0.49579650299999994,0.261407745,0.793623121,-0.88154957,0.358303611,0.141563788,-0.179619963,0.116100176,-0.0610200013,-0.152485954,-0.165431683,-0.7428087329999999,0.030083425299999998,0.942300046,0.154424027,-0.50840811,0.782691793,0.8017235690000001,0.682856528,0.17187424899999998,-0.0284910277,-0.185608253,-0.351874158,0.321849793,0.29505694600000004,0.888909937,-0.0273621581,0.544611582,0.113857855,-0.0893902645,0.8921745190000001,-0.43360351700000005,-0.160392389,-0.20001756199999998,0.158024929,-0.279953497,0.9633686509999999,0.19904992600000002,0.6653868000000001,0.8111488090000001
0.57710684,0.775798953,0.8681437870000001,0.723477838,0.49105032299999996,-0.641979548,0.120473447,-0.0705137505,0.07139927530000001,0.8189019890000001,-0.488218915,0.890361072,0.5781462829999999,0.213183165,-0.777138367,0.6827898020000001,-0.15468573900000002,1.0,0.75925331,-0.11759464800000001,0.721869599,-0.669802191,0.308294673,-0.269481015,-0.622622562,0.102326461,0.82572629,0.780985432,0.24438202,0.451436567,0.409587765,0.849878372,0.22810883899999998,0.293244503,0.390402331,0.11669681400000001,-0.531839465,0.229338567,0.17818531199999998,0.516538032,-0.0719210386,-0.283153455,-0.322611645,0.741047695,0.586927444,0.36509853600000003,0.717492487,0.947218702,0.9526146590000001,0.46769195799999996,-0.0770126055,-0.457889163,-0.34153563600000003,-0.67319705,0.11498529199999999,-0.29204250000000004,0.888387653,0.30506832,0.06681993650000001,-0.598276665,0.497557694,-0.369762428,0.502398762,-0.808935478,0.651149402,0.394551615,0.9382077529999999,0.207309539,0.563871721,0.537219635,-0.943280342,0.673111463,-0.109936035,0.341941867,0.351163183,0.543659549,0.614537311,0.6754670140000001,0.33129022399999997,0.7949191609999999,0.57553969,0.670212493,-0.108570576,0.265820687,0.8834041559999999,0.176892291,0.0533035776,-0.8761990820000001,-0.90754709,0.9178465690000001,0.8123013920000001,-0.438861748,0.923915714,0.9020473590000001,-0.20637501600000002,0.16463181400000002,-0.0776420962,-0.233892465,-0.448396501,0.209750187,0.150480248,0.424859506,0.111014622,0.8117800820000001,0.882981912,0.886424674,-0.46653696200000006,0.843725642,0.0729142885,-0.484016202,0.7303469309999999,-0.0231381411,-0.22956711100000002,0.0625479765,0.33953238700000005,0.930741727,0.951428182,0.812884295,0.22977268,-0.052489297000000004,0.529099151,-0.597313792,0.334676831
0.9602188070000001,0.7439458720000001,0.782870288,0.472346979,0.8733633909999999,-0.032339579900000005,0.645644113,0.0951516229,0.636196847,0.879053897,-0.0158855757,0.506055,0.556488888,0.7483543709999999,-0.657248602,0.924880866,0.0895185955,0.75925331,1.0,0.520144931,0.9711654670000001,-0.28976795,-0.164549418,0.38707068299999997,-0.446671294,0.568045454,0.789461834,0.5384470179999999,0.21784895899999998,0.8382442809999999,0.031100301,0.8971149959999999,0.0262104704,0.82647265,0.700347102,-0.247645681,-0.542611628,0.758020783,0.399278474,0.0641372305,0.444653454,-0.168394376,0.12268941,0.581282892,0.7963830709999999,0.478727539,0.953364883,0.872184906,0.883036265,0.25580811600000003,0.133324857,0.0188394379,-0.397230061,-0.7189258009999999,0.687738851,0.049962494100000004,0.7865634440000001,0.106503066,0.12907249999999998,-0.21456060100000002,0.249494761,0.045320698,0.7530668620000001,-0.319496264,0.39251672299999996,0.276454267,0.587085326,0.712521555,0.432429624,0.788321947,-0.681318442,0.927182202,0.039261207299999996,0.756790649,0.7735083429999999,0.8485068459999999,0.717931414,0.874629194,0.349463249,0.723984682,0.556102954,0.8900310309999999,0.384200325,-0.0487169921,0.742215098,0.436358201,0.0721396408,-0.372089393,-0.50072427,0.48214979700000005,0.942093293,-0.120440139,0.5713822270000001,0.6634833210000001,0.0394515533,0.739353426,0.0032262679100000004,0.381136055,-0.0797667203,0.278600743,0.357625136,0.669896468,0.71324262,0.9717373029999999,0.8111094759999999,0.8705380340000001,-0.135414505,0.5497097160000001,0.459012756,-0.049634718200000004,0.66166864,0.503672941,0.362328242,0.26781047,0.520172362,0.605507812,0.624234649,0.486672889,0.639770022,0.0099143919,0.18145755600000002,-0.0701264674,0.23328753600000002
0.713674205,-0.0019021555199999999,-0.0703318271,-0.285295895,0.563368186,0.639128013,0.9490831059999999,0.303210839,0.7853925890000001,0.37312985,0.46129185100000003,-0.43451866200000006,-0.13366239800000002,0.7352843240000001,-0.0344305896,0.564661459,0.10264525,-0.11759464800000001,0.520144931,1.0,0.5034459929999999,0.206859966,-0.41595908299999995,0.803321191,-0.0489307533,0.498512346,0.164073553,-0.18749381399999998,-0.23086575899999998,0.620465202,-0.253530104,0.25148450699999997,-0.114801283,0.778437243,0.312223422,-0.439443869,-0.0531793031,0.937665525,0.08171145190000001,-0.477004686,0.592014853,0.28366218,0.39059827,-0.257765977,0.240201465,0.21366196,0.40395611299999995,0.166631993,0.174102956,-0.450283191,0.5799965229999999,0.38943066200000004,-0.40523992200000003,-0.32533212699999997,0.862664946,0.219622565,-0.0447762592,-0.441117486,0.217389282,0.431831704,0.0140835297,0.66884188,0.29010637300000003,0.5021371170000001,-0.127456335,-0.35967978,-0.28236569100000003,0.8996484459999999,-0.321705772,0.329757693,0.0956345917,0.496007766,0.305743515,0.8333471,0.73590175,0.419899236,0.111028827,0.330601761,-0.198124181,0.21555260899999998,-0.06640795690000001,0.407633168,0.780554888,-0.504361574,-0.0325375368,0.133643627,0.18348088899999998,0.46990959299999996,0.468868484,-0.383410449,0.283770519,0.223379936,-0.232216609,-0.235988263,0.514429377,0.9519241079999999,-0.179075522,0.7674555270000001,0.5363951920000001,-0.16126642900000002,0.0365439084,0.21547238600000002,0.874366808,0.48004344600000004,0.22236110399999998,0.28141262699999997,0.142609166,-0.314191503,0.34996228100000004,0.7378142540000001,-0.113812286,0.64967192,0.8193982959999999,0.0201402189,0.30571468399999996,-0.18432864,-0.187706142,-0.272155649,0.859514323,-0.14207966,-0.316481189,0.612846452,-0.252213676
0.9043263290000001,0.836434186,0.8050778959999999,0.605016911,0.8092925040000001,0.0427892683,0.63080411,-0.132696011,0.737626344,0.763615943,-0.11552458300000001,0.550575767,0.496573982,0.819557023,-0.481946066,0.811496223,0.290044992,0.721869599,0.9711654670000001,0.5034459929999999,1.0,-0.309108269,-0.310628171,0.36415934200000005,-0.252847258,0.662354045,0.8675789709999999,0.653761034,0.39490279799999994,0.93122356,-0.144338161,0.948691307,-0.204567893,0.789481199,0.745977261,-0.45254997399999997,-0.7167319679999999,0.719691353,0.516785917,-0.118992073,0.359875622,-0.370600469,0.291154287,0.660428301,0.838938333,0.670836651,0.9417870770000001,0.796045659,0.823555722,0.38141954,0.157064368,-0.0131902472,-0.21686426399999997,-0.539675616,0.596626316,0.235192636,0.839687278,0.283254352,-0.107575726,-0.35811977899999997,0.10756192,-0.11326121199999999,0.843325652,-0.37143374100000004,0.506985592,0.395211031,0.616234934,0.613646715,0.406275366,0.707683135,-0.574068121,0.98950576,-0.186984982,0.6530821179999999,0.636591632,0.7945277709999999,0.825768563,0.949958089,0.44084968,0.761829898,0.705659059,0.9713087029999999,0.22687511600000002,-0.224080688,0.81702736,0.524569109,-0.162278029,-0.338773511,-0.45457847100000004,0.486685645,0.897310718,-0.246653129,0.5853777720000001,0.577636075,-0.149097556,0.6911019820000001,0.179021588,0.306630384,-0.25041522899999996,0.380673944,0.450477645,0.7385188640000001,0.660079405,0.945464201,0.796687519,0.779918088,-0.177423594,0.637390976,0.588409547,-0.0131811339,0.752769925,0.40633251299999995,0.248967277,0.39682287299999996,0.31981687,0.615450659,0.6180751170000001,0.579303451,0.5738161999999999,0.222644542,0.32301172699999997,0.0779617912,0.429550572
-0.12640699800000002,-0.35707808700000004,-0.308938467,-0.586894127,0.19512444399999998,0.768824629,-0.109947893,0.310158332,0.18178203399999998,-0.485601209,0.89983765,-0.631438821,0.19854406300000002,0.20621602,0.323348295,-0.235149544,0.341315721,-0.669802191,-0.28976795,0.206859966,-0.309108269,1.0,-0.594901055,0.6936986759999999,0.491130254,0.424319887,-0.688119563,-0.734847313,0.06717887410000001,-0.134404052,-0.569964729,-0.543445675,-0.139256095,0.265149125,0.29990471,-0.0645992798,0.410020815,-0.055879818399999996,0.38128181200000005,-0.378902322,0.705648906,0.169518578,0.520640812,-0.25474593100000004,0.0794809778,-0.38459038100000004,-0.0947949639,-0.609440945,-0.631790252,-0.0775805469,-0.46842336100000004,0.9513773259999999,0.39671331600000004,0.321589096,0.338784407,0.48216989899999996,-0.465356649,-0.104095459,0.124641073,0.7413323740000001,-0.725406715,0.364586863,0.05986509190000001,0.8514048040000001,-0.888484093,0.0800764464,-0.8060704679999999,0.0350218144,0.153069455,0.234997079,0.6715606129999999,-0.321513649,0.252815895,-0.1508412,0.11725395300000001,0.19602417,-0.124305311,-0.19771600399999997,0.26954476899999996,-0.842561705,-0.24337342899999997,-0.28947886899999997,0.364554761,0.16659724,-0.654758109,0.45194877,0.0440252203,0.846456542,0.504941085,-0.850637383,-0.177868639,0.8861666490000001,-0.885746783,-0.339240117,0.12119014800000001,0.0957932358,0.376182942,0.6973515640000001,0.501018127,0.369148666,0.46531355799999996,0.23343477399999998,0.35846244299999996,-0.494555529,-0.79337682,-0.607317257,0.966997714,-0.624094763,0.402381575,0.0151080418,-0.249964087,0.6372386179999999,0.573695008,0.44997261,0.254220143,-0.883714132,-0.862361963,-0.8195603770000001,-0.259835402,0.18072006300000001,-0.835915482,0.425886936,-0.18553729
