0.000000000000000000e+00 -3.542179379999999544e-01 9.446667470000000844e-01 4.644875470000000561e-01 -3.814226450000000046e-01 -5.648402929999999378e-01 7.270954530000000027e-01 8.798831099999999683e-01 2.872831719999999756e-01 9.971009079999999525e-01 -7.450405249999999535e-01 1.799038030000000010e-01 3.163133230000000351e-01 2.063533469999999925e-01 -6.634036110000000042e-01 -1.037654140000000003e-01 9.908564490000000280e-01 6.215056580000000164e-01 -2.468389239999999873e-01 -2.120168430000000104e-01 5.105321829999999173e-01 6.400684439999999586e-01 8.669511309999999860e-01 5.867483920000000630e-01 -3.697945950000000037e-01 7.285317620000000272e-01 1.019948740000000027e-02 3.451609139999999853e-01 6.203998579999999707e-01 -3.949456689999999992e-01 5.557794139999999716e-01 8.448025249999999708e-01 8.056170890000000639e-01 6.232811539999999484e-01 8.909760949999999680e-01 4.294610449999999857e-01 -5.265208310000000225e-01 2.065512280000000173e-02 8.227882579999999946e-01 6.630754660000000023e-01 4.289242729999999670e-01 -5.703548070000000747e-01 3.650571140000000159e-02 2.159288419999999820e-01 8.135660980000000153e-01 2.319208419999999882e-01 -4.141710629999999921e-02 4.327022220000000252e-01 4.842047500000000171e-01 5.499926929999999770e-01 3.988169109999999962e-01 -2.833027900000000265e-01 7.288378279999999654e-01 2.278076099999999937e-01 1.253676159999999873e-01 8.852394209999999708e-01 -4.403755999999999227e-01 -1.616727209999999915e-01 9.523557150000000471e-01 -5.742364279999999654e-01 6.919670300000000385e-01 4.807458490000000029e-01 1.460909099999999905e-01 4.409610939999999979e-01 1.194602130000000095e-01 3.793936189999999598e-01 -2.607544279999999826e-01 5.304058590000000351e-01 6.940581490000000686e-01 -6.859637290000000220e-01 4.153699579999999836e-01 -2.152754179999999962e-01 -5.074188120000000524e-01 4.526190429999999432e-01 4.142324589999999973e-01 5.908209650000000313e-01 -3.938201700000000527e-02 1.080659949999999980e-01 4.530852229999999814e-01 -4.553163739999999682e-01 -3.402324290000000029e-01 -9.674798559999999575e-03 3.950993020000000411e-01 9.598747250000000397e-01 1.459770870000000054e-01 -3.351536609999999916e-01 -5.355749899999999730e-01 -1.320878590000000054e-02 1.865945250000000111e-01 6.205018159999999838e-01 5.779306920000000236e-01 3.359444810000000170e-01 8.962131049999999544e-01 1.160879249999999946e-01 3.734536589999999934e-01 9.563532340000000520e-01 9.633685709999999514e-01 -7.856855340000000743e-01 -2.161280150000000067e-01 -4.024285389999999740e-01 2.915100369999999996e-01 3.916583539999999863e-01 4.720683199999999857e-01 -3.761956439999999957e-02 7.111541359999999923e-01 4.574621899999999908e-01 -6.630330819999999958e-01 7.151705029999999574e-01 5.070938600000000074e-01 -1.404797080000000087e-01 -7.058627829999999381e-01 3.104332679999999844e-01 5.380918620000000319e-01 -8.907349629999999907e-01 4.787985450000000198e-01 4.546928170000000269e-02 -6.061190060000000157e-01 -1.124336040000000064e-01 -3.126418779999999842e-01 1.487198439999999899e-01 -2.288280369999999841e-01 -6.395054220000000456e-01 6.186641229999999547e-01
-3.542179379999999544e-01 0.000000000000000000e+00 -2.406927700000000003e-01 -6.988122640000000718e-01 4.263032539999999648e-01 5.153869610000000323e-01 8.105541769999999313e-02 -6.236898189999999786e-01 -5.687490290000000170e-01 -4.053418279999999596e-01 -2.808428279999999888e-01 -6.647510999999999282e-01 -4.584536079999999847e-02 -5.577641639999999373e-02 8.387056390000000583e-01 -5.216344079999999384e-01 -3.081711109999999976e-01 -9.351233720000000638e-01 -6.318184839999999580e-01 3.219587439999999634e-01 5.975712939999999751e-01 -9.017735630000001112e-02 -4.667361179999999776e-01 3.025235130000000217e-01 -1.861570839999999989e-06 -2.174741410000000097e-01 6.111645079999999952e-01 -4.507119490000000006e-01 7.721957120000000341e-02 -1.231666399999999974e-02 3.259698030000000024e-01 1.511544059999999912e-01 -3.846198839999999675e-01 -5.378825130000000065e-01 -7.037375620000000387e-01 5.868151350000000432e-01 4.996388439999999709e-01 -7.710722559999999559e-01 2.067973289999999742e-01 -1.012748009999999976e-01 3.813758250000000016e-01 3.578641920000000254e-01 -2.493678389999999800e-01 7.824281570000000963e-02 -2.880950610000000411e-01 -8.579797279999999970e-01 6.330753139999999446e-01 -1.920169389999999976e-01 -1.144299019999999861e-01 -4.479076089999999843e-01 -3.777700689999999861e-01 -4.747551449999999895e-01 -7.119524369999999935e-01 -8.204794279999999551e-01 -7.964940209999998855e-01 -5.655383010000000071e-02 -5.382970110000000474e-01 -5.275361899999999604e-01 -5.891017109999999724e-01 -2.917425100000000104e-01 -4.611679539999999911e-01 -9.804506070000000850e-01 3.220337889999999592e-01 -1.536464130000000095e-01 -8.078484129999999874e-01 -2.035429719999999887e-01 -4.321150720000000445e-01 -2.159305330000000078e-01 3.469274020000000514e-01 2.740207839999999617e-01 -8.540384420000000087e-01 -4.914806700000000084e-01 4.675165490000000035e-01 6.020809660000000507e-01 -8.678752359999999388e-01 1.006279430000000114e-01 -2.064130869999999951e-02 -4.182640039999999670e-01 -3.247057070000000101e-01 2.867294200000000126e-01 -5.781477779999999456e-01 -8.570757220000001231e-02 -7.138479509999999806e-01 -4.992371589999999859e-01 -5.755350390000000260e-01 -3.989787610000000151e-01 -4.595656989999999942e-01 2.775438889999999881e-01 -6.377983860000000504e-01 -1.034100719999999918e-01 5.309836049999999696e-02 -5.973577599999999599e-01 -1.016102819999999962e-01 -8.063480750000000530e-01 -4.683772879999999472e-01 -1.489268800000000115e-01 -5.262966989999999790e-01 -2.334366789999999803e-01 -1.785283850000000117e-01 -5.936337520000000145e-01 5.252710929999999667e-01 -2.501976399999999989e-01 -7.258053650000000356e-01 -5.260953050000000131e-01 -7.515276690000000093e-01 -3.666689620000000427e-01 -2.811446160000000138e-01 -6.911905309999999414e-01 -5.478676999999999575e-01 7.104844859999999152e-01 -1.966969189999999978e-01 7.837980249999999816e-02 1.386405850000000106e-01 1.987246480000000037e-01 6.987581569999999631e-02 2.911164989999999730e-01 -1.503252509999999931e-01 -6.300272630000000040e-01 -3.683047740000000014e-01 -5.710831490000000121e-01 9.076020790000000060e-01 -4.548281710000000033e-01 3.319942129999999825e-01
9.446667470000000844e-01 -2.406927700000000003e-01 0.000000000000000000e+00 4.858873170000000408e-01 -4.082142710000000174e-01 -5.914608199999999982e-01 9.050657659999999938e-01 7.100891150000000485e-01 2.348306029999999711e-02 9.461605520000000435e-01 -7.800851859999999860e-01 1.523473409999999938e-02 5.575989500000000376e-01 -5.251066370000000150e-02 -6.099473149999999899e-01 1.767782739999999853e-02 9.650022480000000069e-01 5.500141219999999942e-01 -1.868027260000000023e-01 -5.991544619999999988e-02 6.007370120000000702e-01 6.891780899999999654e-01 7.838714479999999707e-01 7.583596649999999606e-01 -6.426721730000000132e-01 4.983656879999999734e-01 -9.833784610000000093e-02 5.203147529999999632e-01 4.028295929999999858e-01 -2.405460670000000023e-01 4.374246179999999873e-01 7.821915359999999096e-01 9.231593070000000401e-01 7.667429529999999493e-01 7.522059100000000331e-01 5.995447590000000382e-01 -4.577556470000000433e-01 1.130355789999999971e-01 7.802500980000000030e-01 6.742084480000000157e-01 6.193285699999999672e-01 -3.814111179999999934e-01 8.335778239999999673e-02 4.819313470000000099e-01 6.659710229999999953e-01 2.939939839999999860e-01 2.527357829999999916e-01 1.615774449999999862e-01 6.531205599999999611e-01 3.423949000000000020e-01 1.811929939999999961e-01 -1.777136339999999814e-01 7.236038980000000231e-01 -2.338369759999999603e-02 1.462461800000000034e-01 7.466814179999999856e-01 -3.473881029999999481e-01 -1.257616289999999954e-03 8.458675129999999598e-01 -5.476411249999999509e-01 4.280997149999999918e-01 3.954421729999999524e-01 2.424903039999999899e-01 6.739338719999999894e-01 1.730434269999999997e-01 6.052902179999999355e-01 -3.568545900000000271e-01 3.286829059999999969e-01 7.268955870000000097e-01 -4.303767070000000250e-01 1.723506880000000019e-01 -2.770314449999999873e-01 -4.051800199999999741e-01 4.861258999999999997e-01 3.543064229999999815e-01 3.998303750000000156e-01 1.469253110000000029e-01 2.767062550000000121e-01 6.779028080000000234e-01 -1.431084230000000124e-01 -2.225104719999999869e-01 5.504964259999999693e-02 5.241884740000000154e-01 9.070520759999999294e-01 1.541967680000000118e-01 -4.532941850000000161e-01 -4.509893070000000059e-01 6.012511889999999637e-02 3.458325479999999758e-02 3.620009210000000310e-01 3.591359539999999795e-01 1.902707320000000119e-02 8.037772619999999923e-01 -5.769095019999999352e-02 5.128792179999999701e-02 8.595040190000000635e-01 8.348436900000000271e-01 -8.520093129999999348e-01 -4.728488750000000018e-01 -6.050996629999999543e-01 1.697698980000000024e-01 5.196424579999999738e-01 5.079417979999999444e-01 1.719336419999999838e-02 4.856055679999999874e-01 5.403143369999999779e-01 -7.683363149999999919e-01 4.763328609999999963e-01 2.070646319999999985e-01 -2.225690060000000137e-01 -8.491287279999999438e-01 3.231598450000000011e-01 3.046517890000000062e-01 -7.192751099999999953e-01 6.922831620000000630e-01 -2.005945060000000058e-01 -5.346947220000000112e-01 -2.075041230000000125e-01 -9.769805550000000560e-02 3.029353269999999765e-01 -2.517949219999999766e-01 -7.187130540000000734e-01 5.128985480000000097e-01
4.644875470000000561e-01 -6.988122640000000718e-01 4.858873170000000408e-01 0.000000000000000000e+00 4.979552830000000263e-02 -1.454148369999999912e-01 3.457658299999999962e-01 6.167392579999999569e-01 -9.708889869999999533e-02 5.297030209999999961e-01 1.558678269999999866e-01 -4.956995280000000420e-02 6.674752520000000189e-01 1.506987730000000081e-01 -5.252682029999999891e-01 8.118949049999999446e-01 4.013474470000000238e-01 8.351903170000000154e-01 7.141181540000000050e-01 3.828525810000000251e-01 -9.256668699999999472e-02 -1.349365190000000048e-01 2.076765869999999958e-01 3.322422610000000387e-01 -2.678042700000000109e-01 -6.142448749999999957e-02 -2.589885909999999902e-01 8.810427050000000371e-01 -6.689726020000000793e-03 5.208947200000000333e-01 -4.553563779999999506e-01 -1.609552909999999865e-02 5.121779220000000077e-01 8.213936450000000056e-01 5.395630220000000588e-01 1.085163970000000040e-02 3.000727220000000070e-02 7.399094600000000188e-01 -4.336053240000000558e-02 -1.652907959999999898e-01 3.286879100000000276e-01 1.824869169999999985e-01 -3.101654229999999957e-01 5.651517000000000346e-01 -1.424712340000000056e-02 7.716170390000000046e-01 -3.816003819999999602e-02 -3.022863069999999763e-01 7.619746040000000553e-01 6.183584109999999967e-01 -2.600793539999999848e-01 7.074079140000000265e-01 9.417678120000000375e-01 5.344500939999999867e-01 9.077564940000000249e-01 1.263899850000000102e-01 4.972825389999999679e-01 7.085583459999998945e-01 4.999264110000000150e-01 4.431465120000000479e-01 3.651939489999999622e-01 8.077937990000000346e-01 4.266698329999999428e-01 6.889113140000000524e-01 4.828194079999999500e-01 7.455239159999998977e-01 5.919626430000000106e-01 4.648381850000000148e-01 -2.318685050000000025e-01 -2.489191649999999978e-01 5.924720989999999743e-01 6.824854909999998887e-01 1.011448600000000031e-01 -4.883905529999999495e-01 9.502657729999999248e-01 1.185228369999999920e-01 6.728521479999999277e-01 8.597563480000000036e-01 6.992114729999999723e-01 -4.562699590000000166e-02 3.811261160000000148e-01 -4.397041839999999979e-01 7.254583359999999814e-01 4.348801520000000198e-01 9.252646940000001097e-01 -3.478348320000000382e-01 4.389715900000000226e-01 4.300877439999999940e-01 -7.635257549999999171e-02 -1.296737880000000120e-01 -3.210530420000000107e-01 1.777960839999999931e-01 2.878463100000000149e-02 7.198221370000000841e-01 3.852470120000000414e-02 2.839992920000000143e-01 4.795930400000000260e-01 -2.456965080000000079e-01 -5.153205069999999832e-01 1.131672189999999995e-01 -2.017962999999999840e-01 -1.868883990000000037e-02 9.955656729999999843e-01 8.629418399999999600e-01 3.939451229999999526e-01 3.324021829999999900e-02 1.633942700000000081e-01 3.319781350000000075e-01 3.196948089999999687e-01 -9.144628309999999205e-01 -3.738272400000000051e-01 5.855679449999999786e-01 -2.219592969999999998e-01 -1.569175530000000152e-01 5.904095029999999467e-01 -6.541443249999999709e-01 4.049079850000000258e-01 -7.567145029999999828e-02 4.494522279999999537e-01 8.708784979999999454e-01 -7.963038090000000846e-01 1.962294019999999972e-01 -8.443614789999999773e-03
-3.814226450000000046e-01 4.263032539999999648e-01 -4.082142710000000174e-01 4.979552830000000263e-02 0.000000000000000000e+00 9.723600690000000490e-01 -2.837851130000000333e-01 -2.108491969999999882e-01 -5.348430770000000001e-01 -3.714536509999999958e-01 3.835883239999999805e-01 -7.671037070000000790e-01 1.095193580000000111e-01 6.002637160000000582e-01 7.808313199999999954e-01 1.792505660000000278e-01 -4.667972120000000169e-01 -4.122342529999999949e-01 1.179855669999999856e-01 7.928776840000000270e-01 1.897968969999999922e-01 -8.551989779999999985e-01 -7.561722509999999620e-01 1.244888710000000009e-01 4.985228539999999597e-01 -3.430269349999999773e-01 7.643910970000000749e-01 -3.926605830000000352e-02 2.026741210000000126e-01 6.187336100000000449e-01 -2.610533950000000214e-01 -2.114213969999999831e-01 -6.331995059999999675e-01 -3.582933260000000231e-01 -5.155337140000000318e-01 1.877155210000000241e-01 9.506810929999999216e-01 -2.976626829999999835e-01 -2.017760980000000148e-01 -8.408723599999999854e-01 2.932406310000000293e-01 7.101041509999999057e-01 -9.332199859999998903e-01 1.525254849999999884e-01 -6.264782909999999649e-01 -4.464089470000000559e-01 2.047934110000000085e-01 -3.580227829999999556e-01 2.025639449999999953e-01 3.500801829999999892e-01 -6.696388949999999562e-01 2.537163040000000036e-01 -1.627895330000000140e-01 4.335867099999999794e-03 1.082375130000000135e-03 -1.600855750000000077e-01 -3.553798360000000236e-03 -2.842226509999999651e-02 -5.210328229999999783e-01 5.191033560000000158e-01 1.051342450000000012e-02 -3.922976659999999893e-01 7.501896729999999458e-01 -7.851123980000000724e-02 -6.892528030000000250e-01 -1.381021199999999879e-02 6.069363220000000281e-01 4.677888550000000034e-01 -3.569626620000000417e-01 -1.015392680000000020e-01 -1.039908519999999947e-01 5.393648870000000706e-01 9.144170159999999159e-01 -1.940911080000000122e-01 -4.311773199999999889e-02 3.713140389999999846e-01 5.146258150000000420e-01 1.480398840000000105e-01 -3.005746779999999840e-01 -7.824933629999999973e-02 -3.488965749999999866e-01 -8.910049829999999726e-01 -5.659927500000000444e-01 -6.128951710000000164e-01 3.618024850000000070e-01 -5.755381860000000627e-01 1.098148389999999974e-01 8.486558000000000712e-01 -7.998522109999999241e-01 -1.377433909999999928e-01 -2.466442339999999900e-01 -9.527641550000000292e-02 -4.781068290000000109e-01 1.801348130000000047e-01 -1.180282559999999981e-01 -2.144154400000000127e-01 -4.147719500000000004e-01 -1.681631540000000022e-02 -2.486765979999999987e-01 3.617279129999999981e-02 5.674839999999999884e-01 -9.433141820000000566e-01 -3.423964940000000234e-02 3.569033220000000228e-01 -4.710294979999999909e-01 -9.764458299999999591e-01 5.037102890000000333e-01 -4.430732720000000180e-01 2.585315330000000078e-02 1.732293940000000088e-02 -1.811797139999999848e-02 7.095496230000000182e-01 7.771187570000000211e-02 2.497107860000000179e-01 1.263001749999999868e-01 3.868325629999999626e-02 5.862277750000000065e-01 -7.243842490000000911e-01 -1.927855380000000063e-01 -5.053336540000000210e-02 3.902180329999999642e-01 2.225198960000000226e-01 3.098793100000000189e-01
-5.648402929999999378e-01 5.153869610000000323e-01 -5.914608199999999982e-01 -1.454148369999999912e-01 9.723600690000000490e-01 0.000000000000000000e+00 -4.359949850000000016e-01 -3.958704929999999900e-01 -5.030294800000000288e-01 -5.627609329999999632e-01 4.630041460000000053e-01 -7.095577490000000154e-01 -4.802178240000000431e-02 5.163615429999999229e-01 8.772825090000000436e-01 8.201475499999999474e-02 -6.365767820000000077e-01 -5.669498149999999681e-01 6.672868499999999592e-02 7.032254159999999921e-01 8.745977230000000213e-02 -8.776215509999999442e-01 -8.526267440000000475e-01 -3.834184210000000231e-02 5.695982710000000449e-01 -4.110162910000000336e-01 7.313376909999999009e-01 -2.060559379999999940e-01 9.710220189999999030e-02 5.609136020000000666e-01 -2.732647139999999641e-01 -3.304174260000000141e-01 -7.804730800000000412e-01 -5.349377629999999550e-01 -6.692551979999999956e-01 8.141326720000000017e-02 9.464370440000000606e-01 -3.630217609999999984e-01 -3.165901620000000083e-01 -8.619946820000000676e-01 1.411207590000000123e-01 7.081826520000000791e-01 -8.256387740000000752e-01 1.742104189999999983e-02 -6.957319820000000821e-01 -5.355518070000000463e-01 1.726323980000000202e-01 -3.440836789999999756e-01 3.652302479999999449e-03 1.742763310000000065e-01 -6.309899009999999642e-01 1.933665769999999839e-01 -3.756534360000000072e-01 -7.215074479999999957e-02 -1.213861309999999943e-01 -2.997395179999999826e-01 1.023086330000000030e-02 -8.905839539999998999e-02 -6.832209849999999474e-01 5.203949720000000667e-01 -1.267043850000000027e-01 -5.204665680000000183e-01 6.028247450000000507e-01 -2.421722739999999929e-01 -7.049862649999999453e-01 -1.782958110000000262e-01 5.406709679999999185e-01 3.010099629999999915e-01 -4.215364289999999903e-01 3.085440360000000007e-02 -2.099707279999999954e-01 4.585706760000000104e-01 8.995465700000000453e-01 -2.039161039999999869e-01 -2.089927629999999981e-01 2.397214260000000152e-01 3.858079479999999561e-01 7.993159959999999314e-03 -4.467639199999999811e-01 -1.456653490000000065e-02 -3.106596130000000011e-01 -7.666740269999999802e-01 -6.730612679999999903e-01 -7.655716150000000386e-01 2.024961399999999911e-01 -4.181727870000000458e-01 1.368258659999999904e-01 7.213784949999999530e-01 -7.386615730000000157e-01 -1.957953880000000146e-01 -2.700741970000000158e-01 -1.368624029999999936e-01 -5.842944319999999747e-01 8.020477410000000085e-02 -1.483643990000000079e-01 -3.821401939999999886e-01 -5.843222829999999979e-01 1.520974870000000034e-01 -1.111118440000000013e-01 1.069192209999999948e-01 4.987149229999999767e-01 -9.345317600000000446e-01 -2.239358320000000013e-01 2.324123069999999847e-01 -5.746011030000000019e-01 -9.778140370000000248e-01 5.633819340000000286e-01 -5.419584479999999260e-01 -7.295173230000000231e-02 1.466665900000000133e-01 1.577270179999999966e-01 5.273880949999999457e-01 2.236477439999999886e-02 3.827768689999999641e-01 -4.988580540000000368e-02 1.196985359999999943e-01 5.873162120000000597e-01 -6.235399149999999446e-01 -1.890590239999999922e-01 -1.796792519999999838e-01 4.832559529999999604e-01 2.976547030000000205e-01 1.856433430000000162e-01
7.270954530000000027e-01 8.105541769999999313e-02 9.050657659999999938e-01 3.457658299999999962e-01 -2.837851130000000333e-01 -4.359949850000000016e-01 0.000000000000000000e+00 3.620719229999999622e-01 -3.583082810000000062e-01 7.245344449999999714e-01 -7.748357779999999195e-01 -2.934623699999999724e-01 7.418284079999999392e-01 -2.888226139999999775e-01 -3.264839310000000050e-01 5.512145610000000057e-02 7.790572700000000239e-01 2.529687880000000000e-01 -2.125265769999999943e-01 1.833431530000000087e-01 7.438825869999999840e-01 6.239335560000000003e-01 5.191846020000000506e-01 9.148368850000000441e-01 -8.331901309999999450e-01 1.735941020000000001e-01 -6.168668900000000288e-02 5.677000110000000044e-01 1.717140419999999834e-01 -4.223344460000000300e-02 3.245500669999999976e-01 6.651127399999999801e-01 8.632489509999999866e-01 7.321717540000000080e-01 4.049479729999999611e-01 8.199767490000000603e-01 -2.237300189999999744e-01 5.103591799999999956e-02 6.930616790000000416e-01 5.714472279999999182e-01 8.275224609999999315e-01 -6.935479090000000457e-02 4.148430139999999960e-02 7.204246209999999317e-01 3.839030579999999637e-01 1.644678199999999868e-01 6.365114629999999440e-01 -1.690111069999999938e-01 7.490733340000000906e-01 4.365574150000000458e-02 -1.425303730000000157e-01 -1.269557369999999852e-01 5.242636479999999155e-01 -4.089814089999999625e-01 1.832910280000000017e-02 5.245387889999999498e-01 -3.148050709999999919e-01 6.699948460000000605e-02 5.411691140000000066e-01 -4.990725029999999451e-01 4.957860409999999968e-02 9.208926539999999494e-02 4.009985349999999893e-01 8.132112640000001003e-01 4.480499200000000182e-02 7.380721470000000117e-01 -4.675624549999999879e-01 8.121475790000000361e-02 7.366673209999999861e-01 -9.533368859999999390e-02 -2.333268730000000180e-01 -3.739347789999999949e-01 -1.497945810000000100e-01 5.687199939999999510e-01 1.132904069999999958e-01 2.061943960000000020e-01 3.354474250000000213e-01 3.532742520000000108e-01 7.706074759999999024e-01 2.246376889999999737e-01 -1.978665939999999790e-01 6.298235030000000345e-02 4.593591960000000252e-01 6.613325179999999248e-01 6.529936089999999194e-02 -6.198007589999999789e-01 -3.991707349999999987e-01 2.090870030000000213e-01 -2.601333849999999948e-01 4.951268209999999670e-02 1.083171460000000030e-01 -4.017754550000000036e-01 6.013533320000000737e-01 -3.538762279999999594e-01 -3.567293429999999765e-01 6.503589560000000436e-01 5.243572789999999539e-01 -8.794756099999999632e-01 -7.239494759999999252e-01 -8.492611320000000852e-01 1.459971340000000006e-01 5.173440310000000375e-01 3.720922879999999933e-01 -4.760867509999999921e-03 7.070846640000000294e-02 4.703039290000000094e-01 -8.288574029999999926e-01 6.051777400000000334e-02 -2.009776179999999968e-01 -1.620641849999999995e-01 -9.468589050000000285e-01 3.483795179999999436e-01 7.216832599999999098e-02 -4.392817629999999918e-01 8.569027059999999585e-01 -3.747509399999999768e-01 -4.161846560000000417e-01 -4.191259789999999819e-01 5.371383190000000168e-02 3.287305469999999841e-01 -8.132174450000000110e-02 -7.989717459999999827e-01 4.299669309999999967e-01
8.798831099999999683e-01 -6.236898189999999786e-01 7.100891150000000485e-01 6.167392579999999569e-01 -2.108491969999999882e-01 -3.958704929999999900e-01 3.620719229999999622e-01 0.000000000000000000e+00 4.992381870000000554e-01 8.948798379999999275e-01 -3.847032579999999924e-01 3.238452270000000133e-01 1.223504219999999865e-01 5.063118269999999921e-01 -6.905346659999999082e-01 5.651981940000000426e-02 8.157344650000000197e-01 7.879079440000000822e-01 1.102503120000000031e-02 -2.127801769999999870e-01 1.750861589999999912e-01 3.154168569999999949e-01 7.479885120000000498e-01 2.681659590000000093e-01 1.183821739999999997e-02 7.472930959999999345e-01 4.189175619999999794e-02 3.028994580000000103e-01 6.708381469999999958e-01 -2.815926960000000312e-01 3.543805479999999619e-01 6.195840400000000026e-01 5.543857810000000219e-01 5.068246679999999227e-01 9.459873159999999670e-01 5.648361870000000173e-02 -4.325828409999999957e-01 1.573056509999999908e-01 5.700169760000000085e-01 3.681569939999999597e-01 1.386208879999999977e-01 -5.577014959999999633e-01 -1.275361580000000106e-01 -1.007988940000000000e-02 7.171874909999998993e-01 3.452896920000000369e-01 -4.218413179999999651e-01 5.270944730000000078e-01 3.540373709999999896e-01 8.276510509999999154e-01 4.570426779999999800e-01 -7.573718869999999936e-02 8.038718150000000451e-01 6.546783880000000000e-01 3.691498599999999963e-01 7.917499869999999884e-01 -2.284157180000000176e-01 -6.277348740000000815e-02 9.300765670000000762e-01 -2.572093990000000052e-01 9.090981959999999695e-01 7.056706750000000250e-01 1.041079480000000057e-01 2.237584479999999987e-01 1.882466829999999980e-01 2.119465219999999983e-01 1.513788169999999988e-01 7.519806690000000460e-01 3.279783069999999690e-01 -8.524784279999999548e-01 7.864134249999999993e-01 1.690619770000000022e-01 -4.379859229999999437e-01 8.032908789999999855e-02 6.735695309999999436e-01 6.581646329999999434e-01 -4.024454790000000365e-02 1.486454369999999914e-01 2.496919510000000231e-01 -7.073664940000000678e-01 -2.301475860000000151e-01 -2.259208919999999843e-01 3.497126039999999825e-01 8.449473059999998981e-01 3.980473689999999842e-01 -1.729723479999999980e-01 -3.009270569999999978e-01 3.117106819999999889e-02 3.031388500000000152e-01 6.870469590000000126e-01 5.441749770000000597e-01 6.861942429999999815e-01 7.113848259999999701e-01 5.448514829999999698e-01 6.689267930000000195e-01 8.394633090000001019e-01 9.564282620000000845e-01 -5.027866079999999682e-01 1.712698699999999977e-02 4.173133119999999918e-02 2.624706410000000045e-01 9.704391949999999212e-02 6.029889259999999807e-01 1.990198439999999735e-01 8.910005850000000116e-01 2.158796739999999936e-01 -2.414604639999999858e-01 8.885886359999999318e-01 8.211527600000000371e-01 -3.027807579999999832e-01 -3.972936240000000119e-01 3.729298489999999799e-01 5.659858549999999822e-01 -8.498535940000000455e-01 2.349911339999999904e-01 1.172718669999999880e-01 -3.498080379999999878e-01 3.734836400000000195e-02 -3.166275820000000185e-01 2.007553999999999728e-01 -4.011489460000000062e-01 -2.433417730000000112e-01 5.233587539999999816e-01
2.872831719999999756e-01 -5.687490290000000170e-01 2.348306029999999711e-02 -9.708889869999999533e-02 -5.348430770000000001e-01 -5.030294800000000288e-01 -3.583082810000000062e-01 4.992381870000000554e-01 0.000000000000000000e+00 2.731221620000000017e-01 -5.246806460000000283e-02 9.102292450000000201e-01 -7.108540009999999576e-01 2.633597779999999888e-01 -5.940327570000000224e-01 -3.785021420000000414e-01 2.640886060000000035e-01 4.208205979999999902e-01 -1.632818819999999893e-01 -8.719134259999999914e-01 -4.350277650000000107e-01 3.416019610000000095e-01 6.108976879999999943e-01 -5.925702829999999199e-01 4.218036129999999662e-01 7.281512590000001062e-01 -2.346365989999999735e-01 -4.317938670000000534e-01 3.530251079999999764e-01 -7.311509259999999788e-01 3.829462750000000026e-01 1.891376589999999858e-01 2.878727479999999839e-02 -1.790723830000000016e-01 6.130343520000000046e-01 -6.265236779999999728e-01 -7.343793559999999276e-01 -8.667456809999999831e-03 1.316521439999999987e-01 4.269604510000000186e-01 -7.320312759999999530e-01 -8.766777650000000532e-01 4.704606470000000096e-01 -7.960394330000000185e-01 6.896672220000000797e-01 1.421391130000000114e-01 -9.023908950000000262e-01 8.720455970000000612e-01 -5.999142109999999750e-01 2.730587329999999979e-01 9.440038250000000186e-01 -3.675793110000000197e-01 7.415962080000000622e-02 6.538464809999999794e-01 -2.309683499999999959e-02 3.566450840000000011e-01 -1.553177410000000092e-01 -3.416178639999999933e-01 5.216653500000000276e-01 -3.106852380000000302e-01 6.115237139999999405e-01 4.612941389999999919e-01 -7.434944850000000383e-01 -5.807341809999999604e-01 3.238685849999999866e-01 -5.934929799999999478e-01 -8.101638849999999448e-02 1.744109860000000178e-01 4.343509629999999649e-02 -5.243483249999999485e-01 6.817763479999999765e-01 -1.277029450000000121e-01 -7.969237909999999925e-01 -4.712850559999999522e-02 1.813329689999999828e-01 1.829891039999999858e-01 -7.856732720000000336e-01 -5.074755989999999439e-01 -4.140997420000000484e-01 -7.080416250000000078e-01 -1.231095080000000133e-02 3.949848939999999753e-01 2.089571570000000114e-02 4.370165639999999962e-01 -2.294372989999999835e-01 7.150358140000000473e-01 -1.983819010000000271e-01 -7.263591999999999826e-01 8.962860999999998635e-01 6.779447209999999169e-01 6.409907839999999801e-01 8.579130509999999266e-01 4.385684879999999786e-01 3.601519999999999722e-01 8.740825159999999761e-01 2.821235239999999589e-01 5.068193650000000217e-01 2.770667849999999821e-01 8.377987179999999423e-01 5.674860099999999852e-01 -1.049448580000000020e-01 2.325889619999999824e-01 -8.090460000000000707e-02 -3.270535050000000221e-01 8.273937290000000777e-01 3.666851439999999629e-01 4.191378560000000308e-02 8.399052140000000666e-01 7.185431690000000371e-01 1.730586389999999863e-01 4.619243739999999709e-01 -5.108742510000000570e-01 4.763519840000000061e-01 -5.028511689999999312e-01 -6.750346470000000432e-01 5.778753349999999900e-01 -4.701991309999999924e-01 7.374994229999999318e-01 -3.699894779999999828e-01 -3.436737029999999971e-01 -2.093559249999999983e-01 1.574336090000000021e-01 -1.050503300000000043e-02
9.971009079999999525e-01 -4.053418279999999596e-01 9.461605520000000435e-01 5.297030209999999961e-01 -3.714536509999999958e-01 -5.627609329999999632e-01 7.245344449999999714e-01 8.948798379999999275e-01 2.731221620000000017e-01 0.000000000000000000e+00 -6.990416109999999517e-01 1.779260230000000165e-01 3.571815139999999777e-01 2.028156239999999721e-01 -6.881325280000000211e-01 -2.934553490000000112e-02 9.837771299999999997e-01 6.710355089999999745e-01 -1.728181129999999954e-01 -1.790004910000000116e-01 4.737288989999999811e-01 6.075156420000000779e-01 8.530529090000000814e-01 5.844461450000000280e-01 -3.804684360000000209e-01 6.927524900000000541e-01 -2.319708470000000217e-02 4.060439550000000120e-01 5.873773239999999785e-01 -3.381437320000000302e-01 4.917220020000000469e-01 8.045106040000000736e-01 8.190932220000000097e-01 6.695177890000000298e-01 9.025136220000000709e-01 4.054870770000000291e-01 -5.109638819999999804e-01 8.912549130000001207e-02 7.809151009999999449e-01 6.266931909999999828e-01 4.317611510000000097e-01 -5.364304859999999842e-01 1.948339959999999954e-02 2.519471200000000244e-01 7.811441770000000506e-01 2.948927829999999917e-01 -4.724341190000000412e-02 3.906294820000000279e-01 5.242809270000000632e-01 5.741441950000000238e-01 3.661361690000000113e-01 -2.101762210000000242e-01 7.787391200000000069e-01 2.654982379999999975e-01 1.999251019999999934e-01 8.553750300000000362e-01 -3.745771710000000421e-01 -9.097447140000000654e-02 9.571891059999999563e-01 -5.133370400000000222e-01 6.914237390000000927e-01 5.346553649999999935e-01 1.660712960000000071e-01 4.801403220000000083e-01 1.656456000000000039e-01 4.258475820000000023e-01 -2.026981200000000094e-01 5.402061750000000107e-01 6.434730199999999511e-01 -6.740632309999999849e-01 4.503168479999999918e-01 -1.506908009999999853e-01 -4.861693720000000440e-01 3.889686829999999818e-01 4.792533470000000517e-01 5.679847049999999786e-01 1.448537659999999880e-02 1.763504150000000104e-01 4.956531579999999826e-01 -4.374273710000000093e-01 -2.852160559999999956e-01 -3.662464039999999837e-02 4.470676239999999968e-01 9.594765800000000233e-01 2.162237760000000064e-01 -3.409386759999999961e-01 -4.717288370000000119e-01 1.380547870000000191e-02 1.822687469999999810e-01 5.813853129999999592e-01 5.251271270000000824e-01 3.381820479999999574e-01 8.611686790000000480e-01 1.730317360000000193e-01 3.617442770000000030e-01 9.374984479999999287e-01 9.645184590000001057e-01 -7.678274449999999973e-01 -2.464358060000000072e-01 -3.716080579999999634e-01 2.519547469999999789e-01 3.825967320000000504e-01 5.375728720000000349e-01 3.601769230000000099e-02 7.185624320000000287e-01 4.504634149999999781e-01 -6.216824939999999744e-01 7.165488240000000841e-01 5.117059790000000330e-01 -2.147801260000000156e-01 -7.029460890000001072e-01 3.374283610000000100e-01 4.917716939999999815e-01 -8.647302659999999142e-01 5.046293200000000478e-01 -1.423237340000000142e-02 -5.482138789999999595e-01 -1.031539449999999969e-01 -2.555969369999999685e-01 2.187603989999999943e-01 -2.936146709999999938e-01 -5.927164280000000174e-01 5.834656040000000266e-01
-7.450405249999999535e-01 -2.808428279999999888e-01 -7.800851859999999860e-01 1.558678269999999866e-01 3.835883239999999805e-01 4.630041460000000053e-01 -7.748357779999999195e-01 -3.847032579999999924e-01 -5.246806460000000283e-02 -6.990416109999999517e-01 0.000000000000000000e+00 3.716009320000000088e-02 -1.642682520000000035e-01 6.178065960000000273e-02 2.375184989999999940e-01 5.730405210000000249e-01 -8.013503540000000980e-01 1.163065110000000187e-02 7.491564240000000430e-01 2.609622360000000141e-01 -8.125631429999999877e-01 -8.051241590000000059e-01 -6.918646569999999940e-01 -6.671569419999999750e-01 4.749718579999999690e-01 -6.234972540000000008e-01 -1.965871180000000051e-01 5.474377320000000519e-02 -5.443324059999999909e-01 6.077196860000000367e-01 -8.441582679999999339e-01 -9.333542249999999818e-01 -6.284950409999999765e-01 -2.450796369999999891e-01 -4.460911949999999959e-01 -7.248694640000000744e-01 4.460590409999999895e-01 4.695137570000000315e-01 -9.506170200000000348e-01 -8.158979609999998939e-01 -5.241064399999999512e-01 5.154405410000000298e-01 -1.932541700000000029e-01 -1.528847249999999991e-01 -7.409986040000000607e-01 2.927384299999999939e-01 -3.315905460000000415e-01 -3.989787060000000163e-01 -2.302147669999999868e-01 -2.408555769999999943e-02 -3.404903770000000107e-01 7.185403659999999304e-01 -1.471454199999999990e-01 4.001374289999999889e-01 5.041793940000000029e-01 -7.994992740000000930e-01 8.020783740000000384e-01 5.527457709999999969e-01 -5.846078279999999960e-01 9.211370450000000432e-01 -2.741304880000000055e-01 1.735276089999999716e-01 -7.148891709999999344e-02 -2.626217249999999725e-01 2.569527830000000179e-01 -1.474360859999999940e-01 7.760298570000000451e-01 -1.386203319999999850e-01 -9.966392690000001053e-01 3.760320100000000276e-01 2.235238080000000183e-01 7.607139340000000916e-01 4.445665109999999975e-01 -9.209395770000000647e-01 2.822394340000000112e-01 -4.684852470000000491e-01 2.716573339999999726e-01 3.054758770000000068e-01 -2.286338710000000163e-01 1.837448339999999958e-01 6.167304570000000652e-01 -2.600620000000000154e-01 4.565487110000000445e-03 -6.881489969999999845e-01 4.543807659999999915e-01 3.576308670000000189e-01 8.664165750000000221e-01 1.347253659999999853e-01 -1.618627339999999975e-04 -5.423889219999999955e-01 -6.620688310000000243e-01 8.945667899999999728e-02 -8.907099490000001119e-01 5.632499100000000203e-01 -5.094931910000000119e-02 -8.056303900000000295e-01 -6.041668190000000216e-01 8.408812009999999670e-01 1.940136889999999892e-01 7.885721020000000525e-01 -4.508159020000000461e-01 -4.921823900000000251e-01 1.395651280000000105e-01 5.790327840000000226e-01 -2.486616069999999790e-01 -4.784311229999999582e-01 9.665594659999999783e-01 -2.892525559999999940e-01 -4.722471740000000473e-02 -4.262434520000000227e-01 7.334733159999999863e-01 -5.331782129999999842e-02 -5.704140079999999724e-01 7.342145979999999961e-01 -3.900260839999999951e-01 -2.789180900000000074e-01 8.720822040000000275e-01 2.881057830000000042e-01 5.050580660000000277e-01 3.091274339999999787e-01 -3.498702389999999718e-01 9.744490640000000869e-01 -6.819810259999999902e-01
1.799038030000000010e-01 -6.647510999999999282e-01 1.523473409999999938e-02 -4.956995280000000420e-02 -7.671037070000000790e-01 -7.095577490000000154e-01 -2.934623699999999724e-01 3.238452270000000133e-01 9.102292450000000201e-01 1.779260230000000165e-01 3.716009320000000088e-02 0.000000000000000000e+00 -5.613323139999999434e-01 -1.324130730000000200e-01 -7.270025559999999665e-01 -1.833572830000000098e-01 1.949980149999999968e-01 4.880744499999999930e-01 3.575640210000000097e-02 -9.085137120000000843e-01 -6.020023820000000025e-01 4.512163939999999651e-01 6.012841540000000151e-01 -6.301454079999999625e-01 1.379626619999999859e-01 4.775864049999999916e-01 -6.079592639999999992e-01 -2.443573110000000215e-01 -3.022849179999999997e-02 -6.314630509999999974e-01 1.537771549999999987e-01 -2.287484130000000046e-02 1.791993369999999863e-01 4.481719999999999801e-03 5.415022440000000215e-01 -7.000142999999999782e-01 -8.517333280000000117e-01 2.780404049999999905e-01 -6.947479709999999919e-02 4.955244659999999968e-01 -7.696120979999999667e-01 -7.971898390000000667e-01 7.436761859999999613e-01 -6.352088649999999559e-01 5.705015359999999758e-01 4.048359720000000439e-01 -7.778481130000000077e-01 6.402932479999999815e-01 -5.578849399999999958e-01 -1.909680149999999979e-02 8.672388079999999722e-01 -1.754490750000000099e-01 8.981549249999999651e-02 5.247593919999999912e-01 1.195714290000000068e-01 9.356172829999999385e-02 1.205144559999999920e-01 -5.498478290000000102e-02 4.479660520000000035e-01 -2.228404230000000097e-01 3.099725889999999651e-01 5.480005370000000653e-01 -8.949624569999999890e-01 -4.054549120000000562e-01 6.411397599999999475e-01 -4.164828460000000176e-01 -1.624276869999999873e-01 -1.754992360000000029e-01 -5.583734799999999499e-02 -1.783749719999999928e-01 5.513201039999999775e-01 -1.611436790000000119e-01 -8.733208359999999892e-01 -1.783749719999999928e-01 2.129899089999999773e-01 -2.081612710000000088e-01 -7.041057899999999536e-01 -3.231344800000000017e-01 -1.717985270000000064e-01 -3.620067779999999735e-01 3.445512279999999872e-01 6.550910490000000364e-01 3.114804389999999978e-01 4.141358820000000107e-01 -2.173671110000000017e-01 8.625048640000000377e-01 5.077519290000000185e-02 -8.795155090000000841e-01 9.982499059999999647e-01 3.592626060000000399e-01 3.610751689999999736e-01 6.244100150000000404e-01 2.897328130000000335e-01 2.874665800000000271e-01 6.088127070000000085e-01 7.225976600000000305e-02 3.769201720000000533e-01 4.182027540000000099e-01 7.239700999999999498e-01 5.606886159999999730e-01 -4.905624270000000231e-01 5.133820749999999933e-01 8.241377750000000073e-04 -2.429316410000000037e-01 7.101152709999999368e-01 6.204797470000000814e-01 2.490408529999999648e-02 6.924362720000000193e-01 4.329067209999999943e-01 -1.174472879999999969e-02 5.084313160000000220e-01 -7.199025770000000435e-01 1.086296580000000039e-01 -2.525420310000000002e-01 -6.089029770000000674e-01 2.759778760000000108e-01 -3.739639249999999748e-01 9.355891699999999700e-01 1.689255889999999880e-03 -1.120528550000000068e-01 -4.337830189999999919e-01 2.498312470000000063e-01 -3.578266870000000321e-01
